0.000000000000000000e+00 1.083680879519133581e-03
5.000000000000000278e-02 7.155066787934273673e-04
1.000000000000000056e-01 3.967964636398692464e-03
1.500000000000000222e-01 9.943210114939230945e-03
2.000000000000000111e-01 2.187865262211405662e-02
2.500000000000000000e-01 2.848219924112626103e-02
3.000000000000000444e-01 5.330210229123533844e-02
3.500000000000000333e-01 4.589782425663549437e-02
4.000000000000000222e-01 5.307894721866088933e-02
4.500000000000000111e-01 8.374562289336341669e-02
5.000000000000000000e-01 1.664274052409510096e-01
5.500000000000000444e-01 1.311300756795632516e-01
6.000000000000000888e-01 1.566346936379112986e-01
6.500000000000000222e-01 1.346135213725511148e-01
7.000000000000000666e-01 5.388602134447456615e-02
7.500000000000000000e-01 1.785770832225229074e-02
8.000000000000000444e-01 8.321868451264553129e-03
8.500000000000000888e-01 7.651103716060220043e-03
9.000000000000000222e-01 1.348737851565518647e-03
9.500000000000000666e-01 2.345931255992592026e-03
1.000000000000000000e+00 3.917731597246142117e-03
1.050000000000000044e+00 1.801462905792988560e-03
1.100000000000000089e+00 2.675417570720439904e-03
1.150000000000000133e+00 2.232256459831256576e-03
1.200000000000000178e+00 1.400312517803477741e-03
1.250000000000000000e+00 7.696531585261813567e-04
1.300000000000000044e+00 9.222088217380886976e-04
1.350000000000000089e+00 7.259808131333813589e-04
1.400000000000000133e+00 2.163138956898459555e-04
1.450000000000000178e+00 0.000000000000000000e+00
1.500000000000000000e+00 5.088953387049352864e-04
1.550000000000000044e+00 0.000000000000000000e+00
1.600000000000000089e+00 0.000000000000000000e+00
1.650000000000000133e+00 0.000000000000000000e+00
1.700000000000000178e+00 3.293636711423205353e-04
1.750000000000000000e+00 0.000000000000000000e+00
1.800000000000000044e+00 0.000000000000000000e+00
1.850000000000000089e+00 1.945026086459656202e-04
1.900000000000000133e+00 0.000000000000000000e+00
1.950000000000000178e+00 0.000000000000000000e+00
2.000000000000000000e+00 1.791636715833206379e-05
2.050000000000000266e+00 2.786250625439488709e-04
2.100000000000000089e+00 0.000000000000000000e+00
2.149999999999999911e+00 0.000000000000000000e+00
2.200000000000000178e+00 3.568060503758335353e-04
2.250000000000000000e+00 0.000000000000000000e+00
2.300000000000000266e+00 0.000000000000000000e+00
2.350000000000000089e+00 1.071343086667245529e-04
2.400000000000000355e+00 1.610766836626800302e-04
2.450000000000000178e+00 2.933997952236588216e-05
2.500000000000000000e+00 2.554309117084600420e-04
2.550000000000000266e+00 0.000000000000000000e+00
2.600000000000000089e+00 0.000000000000000000e+00
2.650000000000000355e+00 3.103561731723639486e-04
2.700000000000000178e+00 0.000000000000000000e+00
2.750000000000000000e+00 0.000000000000000000e+00
2.800000000000000266e+00 3.779035489293053481e-04
2.850000000000000089e+00 0.000000000000000000e+00
2.900000000000000355e+00 4.554767423100727723e-05
2.950000000000000178e+00 0.000000000000000000e+00
3.000000000000000000e+00 1.370045676430162011e-04
3.050000000000000266e+00 0.000000000000000000e+00
3.100000000000000089e+00 0.000000000000000000e+00
3.150000000000000355e+00 0.000000000000000000e+00
3.200000000000000178e+00 0.000000000000000000e+00
3.250000000000000000e+00 3.502273253595464264e-04
3.300000000000000266e+00 0.000000000000000000e+00
3.350000000000000089e+00 0.000000000000000000e+00
3.400000000000000355e+00 0.000000000000000000e+00
3.450000000000000178e+00 2.072609310288309257e-04
3.500000000000000000e+00 0.000000000000000000e+00
3.550000000000000266e+00 1.352195704137346458e-04
3.600000000000000089e+00 0.000000000000000000e+00
3.650000000000000355e+00 0.000000000000000000e+00
3.700000000000000178e+00 0.000000000000000000e+00
3.750000000000000000e+00 0.000000000000000000e+00
3.800000000000000266e+00 0.000000000000000000e+00
3.850000000000000089e+00 0.000000000000000000e+00
3.900000000000000355e+00 0.000000000000000000e+00
3.950000000000000178e+00 0.000000000000000000e+00
4.000000000000000000e+00 0.000000000000000000e+00
4.049999999999999822e+00 0.000000000000000000e+00
4.100000000000000533e+00 0.000000000000000000e+00
4.150000000000000355e+00 0.000000000000000000e+00
4.200000000000000178e+00 0.000000000000000000e+00
4.250000000000000000e+00 0.000000000000000000e+00
4.299999999999999822e+00 0.000000000000000000e+00
4.350000000000000533e+00 0.000000000000000000e+00
4.400000000000000355e+00 0.000000000000000000e+00
4.450000000000000178e+00 0.000000000000000000e+00
4.500000000000000000e+00 0.000000000000000000e+00
4.549999999999999822e+00 0.000000000000000000e+00
4.600000000000000533e+00 0.000000000000000000e+00
4.650000000000000355e+00 0.000000000000000000e+00
4.700000000000000178e+00 0.000000000000000000e+00
4.750000000000000000e+00 0.000000000000000000e+00
4.800000000000000711e+00 0.000000000000000000e+00
4.850000000000000533e+00 0.000000000000000000e+00
4.900000000000000355e+00 0.000000000000000000e+00
4.950000000000000178e+00 0.000000000000000000e+00
5.000000000000000000e+00 0.000000000000000000e+00
5.050000000000000711e+00 0.000000000000000000e+00
5.100000000000000533e+00 0.000000000000000000e+00
5.150000000000000355e+00 0.000000000000000000e+00
5.200000000000000178e+00 0.000000000000000000e+00
5.250000000000000000e+00 0.000000000000000000e+00
5.300000000000000711e+00 0.000000000000000000e+00
5.350000000000000533e+00 0.000000000000000000e+00
5.400000000000000355e+00 0.000000000000000000e+00
5.450000000000000178e+00 0.000000000000000000e+00
5.500000000000000000e+00 0.000000000000000000e+00
5.550000000000000711e+00 0.000000000000000000e+00
5.600000000000000533e+00 0.000000000000000000e+00
5.650000000000000355e+00 0.000000000000000000e+00
5.700000000000000178e+00 0.000000000000000000e+00
5.750000000000000000e+00 0.000000000000000000e+00
5.800000000000000711e+00 0.000000000000000000e+00
5.850000000000000533e+00 0.000000000000000000e+00
5.900000000000000355e+00 0.000000000000000000e+00
5.950000000000000178e+00 0.000000000000000000e+00
