0.000000000000000000e+00 0.000000000000000000e+00
5.000000000000000278e-02 1.375460137571080836e-04
1.000000000000000056e-01 7.508922247576008428e-04
1.500000000000000222e-01 3.630169438711664150e-04
2.000000000000000111e-01 6.193931109781217496e-04
2.500000000000000000e-01 1.273193395279770225e-03
3.000000000000000444e-01 2.455132238304221035e-03
3.500000000000000333e-01 1.582159339111682177e-03
4.000000000000000222e-01 2.089255126736710034e-03
4.500000000000000111e-01 2.555113252345205845e-03
5.000000000000000000e-01 4.256754366362238036e-03
5.500000000000000444e-01 7.844594211641894854e-03
6.000000000000000888e-01 2.027634219749871111e-02
6.500000000000000222e-01 3.703998024972910558e-02
7.000000000000000666e-01 6.777224873367893032e-02
7.500000000000000000e-01 6.498830887130564726e-02
8.000000000000000444e-01 8.831573162520837961e-02
8.500000000000000888e-01 1.336614871136506677e-01
9.000000000000000222e-01 9.049843432126206122e-02
9.500000000000000666e-01 1.000518544449059827e-01
1.000000000000000000e+00 9.980504581830393351e-02
1.050000000000000044e+00 5.130568509552103917e-02
1.100000000000000089e+00 5.191699792083095261e-02
1.150000000000000133e+00 4.064301354617532586e-02
1.200000000000000178e+00 4.581799417139382352e-02
1.250000000000000000e+00 2.743876842385304174e-02
1.300000000000000044e+00 1.806596322043716243e-02
1.350000000000000089e+00 1.759975214973891547e-02
1.400000000000000133e+00 7.954844955705510368e-03
1.450000000000000178e+00 2.823694726428264620e-03
1.500000000000000000e+00 1.437466520387041058e-03
1.550000000000000044e+00 1.886116971751511471e-04
1.600000000000000089e+00 7.928831590903553418e-04
1.650000000000000133e+00 6.482035242297420549e-04
1.700000000000000178e+00 3.619345390019668737e-04
1.750000000000000000e+00 6.330408777339724966e-04
1.800000000000000044e+00 8.106874161738755660e-04
1.850000000000000089e+00 4.472587493695024852e-06
1.900000000000000133e+00 1.543524798584167655e-03
1.950000000000000178e+00 4.236103317925364706e-04
2.000000000000000000e+00 1.306832908969156630e-03
2.050000000000000266e+00 7.721238405791204084e-04
2.100000000000000089e+00 1.636145732072457704e-04
2.149999999999999911e+00 1.302760525561209653e-04
2.200000000000000178e+00 9.718431251118307928e-05
2.250000000000000000e+00 4.101210230311174852e-04
2.300000000000000266e+00 5.086208330942059179e-04
2.350000000000000089e+00 6.492660480202837271e-05
2.400000000000000355e+00 4.746306104407553182e-04
2.450000000000000178e+00 5.623814587131997300e-05
2.500000000000000000e+00 1.585113175915975662e-05
2.550000000000000266e+00 2.987603771783037460e-04
2.600000000000000089e+00 1.156008147546304190e-05
2.650000000000000355e+00 7.785977972369694878e-04
2.700000000000000178e+00 2.254468365014913346e-04
2.750000000000000000e+00 4.014927341070121049e-06
2.800000000000000266e+00 9.112447613938786962e-07
2.850000000000000089e+00 0.000000000000000000e+00
2.900000000000000355e+00 0.000000000000000000e+00
2.950000000000000178e+00 0.000000000000000000e+00
3.000000000000000000e+00 0.000000000000000000e+00
3.050000000000000266e+00 0.000000000000000000e+00
3.100000000000000089e+00 0.000000000000000000e+00
3.150000000000000355e+00 0.000000000000000000e+00
3.200000000000000178e+00 0.000000000000000000e+00
3.250000000000000000e+00 1.827503338124155454e-05
3.300000000000000266e+00 0.000000000000000000e+00
3.350000000000000089e+00 0.000000000000000000e+00
3.400000000000000355e+00 0.000000000000000000e+00
3.450000000000000178e+00 0.000000000000000000e+00
3.500000000000000000e+00 0.000000000000000000e+00
3.550000000000000266e+00 0.000000000000000000e+00
3.600000000000000089e+00 0.000000000000000000e+00
3.650000000000000355e+00 0.000000000000000000e+00
3.700000000000000178e+00 0.000000000000000000e+00
3.750000000000000000e+00 0.000000000000000000e+00
3.800000000000000266e+00 0.000000000000000000e+00
3.850000000000000089e+00 0.000000000000000000e+00
3.900000000000000355e+00 0.000000000000000000e+00
3.950000000000000178e+00 0.000000000000000000e+00
4.000000000000000000e+00 0.000000000000000000e+00
4.049999999999999822e+00 0.000000000000000000e+00
4.100000000000000533e+00 0.000000000000000000e+00
4.150000000000000355e+00 0.000000000000000000e+00
4.200000000000000178e+00 0.000000000000000000e+00
4.250000000000000000e+00 0.000000000000000000e+00
4.299999999999999822e+00 0.000000000000000000e+00
4.350000000000000533e+00 0.000000000000000000e+00
4.400000000000000355e+00 0.000000000000000000e+00
4.450000000000000178e+00 0.000000000000000000e+00
4.500000000000000000e+00 1.515297148098814980e-04
4.549999999999999822e+00 0.000000000000000000e+00
4.600000000000000533e+00 0.000000000000000000e+00
4.650000000000000355e+00 0.000000000000000000e+00
4.700000000000000178e+00 0.000000000000000000e+00
4.750000000000000000e+00 0.000000000000000000e+00
4.800000000000000711e+00 0.000000000000000000e+00
4.850000000000000533e+00 0.000000000000000000e+00
4.900000000000000355e+00 0.000000000000000000e+00
4.950000000000000178e+00 0.000000000000000000e+00
5.000000000000000000e+00 0.000000000000000000e+00
5.050000000000000711e+00 0.000000000000000000e+00
5.100000000000000533e+00 0.000000000000000000e+00
5.150000000000000355e+00 0.000000000000000000e+00
5.200000000000000178e+00 0.000000000000000000e+00
5.250000000000000000e+00 0.000000000000000000e+00
5.300000000000000711e+00 0.000000000000000000e+00
5.350000000000000533e+00 0.000000000000000000e+00
5.400000000000000355e+00 0.000000000000000000e+00
5.450000000000000178e+00 0.000000000000000000e+00
5.500000000000000000e+00 0.000000000000000000e+00
5.550000000000000711e+00 0.000000000000000000e+00
5.600000000000000533e+00 0.000000000000000000e+00
5.650000000000000355e+00 0.000000000000000000e+00
5.700000000000000178e+00 0.000000000000000000e+00
5.750000000000000000e+00 0.000000000000000000e+00
5.800000000000000711e+00 0.000000000000000000e+00
5.850000000000000533e+00 0.000000000000000000e+00
5.900000000000000355e+00 0.000000000000000000e+00
5.950000000000000178e+00 0.000000000000000000e+00
