0.000000000000000000e+00 3.307318617745838379e-04
5.000000000000000278e-02 4.407006542730105311e-04
1.000000000000000056e-01 3.273519802835738552e-04
1.500000000000000222e-01 1.156075892971219002e-03
2.000000000000000111e-01 2.422354416522623510e-03
2.500000000000000000e-01 1.483123559531286141e-03
3.000000000000000444e-01 4.027034351779923416e-03
3.500000000000000333e-01 1.332653863772853640e-03
4.000000000000000222e-01 2.153137812795100602e-03
4.500000000000000111e-01 3.429570568987777741e-03
5.000000000000000000e-01 8.647756381137421469e-03
5.500000000000000444e-01 1.853786636833676393e-02
6.000000000000000888e-01 5.623703447778735653e-02
6.500000000000000222e-01 1.600402747521834090e-01
7.000000000000000666e-01 2.029564290426923989e-01
7.500000000000000000e-01 1.416584252553028944e-01
8.000000000000000444e-01 1.225157023317206550e-01
8.500000000000000888e-01 1.251968358340399823e-01
9.000000000000000222e-01 4.835764094072823871e-02
9.500000000000000666e-01 3.704240466117591363e-02
1.000000000000000000e+00 1.914648166878152660e-02
1.050000000000000044e+00 7.870179380484239318e-03
1.100000000000000089e+00 9.266897887916979160e-03
1.150000000000000133e+00 6.858098755258791243e-03
1.200000000000000178e+00 8.110018395120346252e-03
1.250000000000000000e+00 2.387599916667932764e-03
1.300000000000000044e+00 2.787185612833309456e-03
1.350000000000000089e+00 2.446224275530120736e-03
1.400000000000000133e+00 9.231544860195925505e-04
1.450000000000000178e+00 2.173280205291103705e-04
1.500000000000000000e+00 2.914499139163434223e-04
1.550000000000000044e+00 0.000000000000000000e+00
1.600000000000000089e+00 0.000000000000000000e+00
1.650000000000000133e+00 0.000000000000000000e+00
1.700000000000000178e+00 1.368023771939669742e-04
1.750000000000000000e+00 7.212331622047484100e-05
1.800000000000000044e+00 1.327642865978975186e-04
1.850000000000000089e+00 5.512002731971317546e-04
1.900000000000000133e+00 2.055315500747635247e-04
1.950000000000000178e+00 2.274466559347045730e-04
2.000000000000000000e+00 0.000000000000000000e+00
2.050000000000000266e+00 0.000000000000000000e+00
2.100000000000000089e+00 0.000000000000000000e+00
2.149999999999999911e+00 4.033733872160597688e-05
2.200000000000000178e+00 5.216127460368355723e-04
2.250000000000000000e+00 0.000000000000000000e+00
2.300000000000000266e+00 0.000000000000000000e+00
2.350000000000000089e+00 0.000000000000000000e+00
2.400000000000000355e+00 1.925486110310416687e-04
2.450000000000000178e+00 0.000000000000000000e+00
2.500000000000000000e+00 0.000000000000000000e+00
2.550000000000000266e+00 1.224093884151952164e-04
2.600000000000000089e+00 0.000000000000000000e+00
2.650000000000000355e+00 0.000000000000000000e+00
2.700000000000000178e+00 0.000000000000000000e+00
2.750000000000000000e+00 0.000000000000000000e+00
2.800000000000000266e+00 0.000000000000000000e+00
2.850000000000000089e+00 0.000000000000000000e+00
2.900000000000000355e+00 0.000000000000000000e+00
2.950000000000000178e+00 0.000000000000000000e+00
3.000000000000000000e+00 1.400242424287606732e-04
3.050000000000000266e+00 0.000000000000000000e+00
3.100000000000000089e+00 0.000000000000000000e+00
3.150000000000000355e+00 0.000000000000000000e+00
3.200000000000000178e+00 0.000000000000000000e+00
3.250000000000000000e+00 0.000000000000000000e+00
3.300000000000000266e+00 0.000000000000000000e+00
3.350000000000000089e+00 0.000000000000000000e+00
3.400000000000000355e+00 0.000000000000000000e+00
3.450000000000000178e+00 0.000000000000000000e+00
3.500000000000000000e+00 0.000000000000000000e+00
3.550000000000000266e+00 0.000000000000000000e+00
3.600000000000000089e+00 0.000000000000000000e+00
3.650000000000000355e+00 0.000000000000000000e+00
3.700000000000000178e+00 0.000000000000000000e+00
3.750000000000000000e+00 0.000000000000000000e+00
3.800000000000000266e+00 0.000000000000000000e+00
3.850000000000000089e+00 0.000000000000000000e+00
3.900000000000000355e+00 0.000000000000000000e+00
3.950000000000000178e+00 0.000000000000000000e+00
4.000000000000000000e+00 0.000000000000000000e+00
4.049999999999999822e+00 0.000000000000000000e+00
4.100000000000000533e+00 0.000000000000000000e+00
4.150000000000000355e+00 0.000000000000000000e+00
4.200000000000000178e+00 0.000000000000000000e+00
4.250000000000000000e+00 0.000000000000000000e+00
4.299999999999999822e+00 0.000000000000000000e+00
4.350000000000000533e+00 0.000000000000000000e+00
4.400000000000000355e+00 0.000000000000000000e+00
4.450000000000000178e+00 0.000000000000000000e+00
4.500000000000000000e+00 0.000000000000000000e+00
4.549999999999999822e+00 0.000000000000000000e+00
4.600000000000000533e+00 0.000000000000000000e+00
4.650000000000000355e+00 0.000000000000000000e+00
4.700000000000000178e+00 0.000000000000000000e+00
4.750000000000000000e+00 0.000000000000000000e+00
4.800000000000000711e+00 0.000000000000000000e+00
4.850000000000000533e+00 0.000000000000000000e+00
4.900000000000000355e+00 0.000000000000000000e+00
4.950000000000000178e+00 0.000000000000000000e+00
5.000000000000000000e+00 0.000000000000000000e+00
5.050000000000000711e+00 0.000000000000000000e+00
5.100000000000000533e+00 0.000000000000000000e+00
5.150000000000000355e+00 0.000000000000000000e+00
5.200000000000000178e+00 0.000000000000000000e+00
5.250000000000000000e+00 0.000000000000000000e+00
5.300000000000000711e+00 0.000000000000000000e+00
5.350000000000000533e+00 0.000000000000000000e+00
5.400000000000000355e+00 0.000000000000000000e+00
5.450000000000000178e+00 0.000000000000000000e+00
5.500000000000000000e+00 0.000000000000000000e+00
5.550000000000000711e+00 0.000000000000000000e+00
5.600000000000000533e+00 0.000000000000000000e+00
5.650000000000000355e+00 0.000000000000000000e+00
5.700000000000000178e+00 0.000000000000000000e+00
5.750000000000000000e+00 0.000000000000000000e+00
5.800000000000000711e+00 0.000000000000000000e+00
5.850000000000000533e+00 0.000000000000000000e+00
5.900000000000000355e+00 0.000000000000000000e+00
5.950000000000000178e+00 0.000000000000000000e+00
