0.000000000000000000e+00 9.885265517705315967e-04
5.000000000000000278e-02 7.519231105428430444e-04
1.000000000000000056e-01 4.113451587862510146e-03
1.500000000000000222e-01 1.089644379136842263e-02
2.000000000000000111e-01 2.147370844978588322e-02
2.500000000000000000e-01 2.921770819348210729e-02
3.000000000000000444e-01 5.525691427021266894e-02
3.500000000000000333e-01 4.604431986636776247e-02
4.000000000000000222e-01 5.358495262956903399e-02
4.500000000000000111e-01 8.101852517696864209e-02
5.000000000000000000e-01 1.587846062393952762e-01
5.500000000000000444e-01 1.276140979319291269e-01
6.000000000000000888e-01 1.542766723005125351e-01
6.500000000000000222e-01 1.361980481544363408e-01
7.000000000000000666e-01 5.774608502091574391e-02
7.500000000000000000e-01 1.955461790581432269e-02
8.000000000000000444e-01 9.754608295073709939e-03
8.500000000000000888e-01 8.545320692293138093e-03
9.000000000000000222e-01 1.578753450530664005e-03
9.500000000000000666e-01 2.802324158552001090e-03
1.000000000000000000e+00 4.454329778721731123e-03
1.050000000000000044e+00 1.997158400227837163e-03
1.100000000000000089e+00 3.242256615308163580e-03
1.150000000000000133e+00 2.023925488315018832e-03
1.200000000000000178e+00 1.494261795285908292e-03
1.250000000000000000e+00 8.577152256489231543e-04
1.300000000000000044e+00 1.087203304651656894e-03
1.350000000000000089e+00 8.639939019523998863e-04
1.400000000000000133e+00 1.584187847447673643e-04
1.450000000000000178e+00 0.000000000000000000e+00
1.500000000000000000e+00 5.147040649433317966e-04
1.550000000000000044e+00 0.000000000000000000e+00
1.600000000000000089e+00 0.000000000000000000e+00
1.650000000000000133e+00 0.000000000000000000e+00
1.700000000000000178e+00 2.995682181989536993e-04
1.750000000000000000e+00 0.000000000000000000e+00
1.800000000000000044e+00 0.000000000000000000e+00
1.850000000000000089e+00 1.655578758487460283e-04
1.900000000000000133e+00 0.000000000000000000e+00
1.950000000000000178e+00 0.000000000000000000e+00
2.000000000000000000e+00 3.034091492667247009e-05
2.050000000000000266e+00 3.162806778384633652e-04
2.100000000000000089e+00 0.000000000000000000e+00
2.149999999999999911e+00 0.000000000000000000e+00
2.200000000000000178e+00 2.800131946158706912e-04
2.250000000000000000e+00 0.000000000000000000e+00
2.300000000000000266e+00 0.000000000000000000e+00
2.350000000000000089e+00 1.164221551153589299e-04
2.400000000000000355e+00 1.860133484014229283e-04
2.450000000000000178e+00 3.064581524147505786e-05
2.500000000000000000e+00 3.165345931868791081e-04
2.550000000000000266e+00 0.000000000000000000e+00
2.600000000000000089e+00 0.000000000000000000e+00
2.650000000000000355e+00 2.613028617089849150e-04
2.700000000000000178e+00 0.000000000000000000e+00
2.750000000000000000e+00 0.000000000000000000e+00
2.800000000000000266e+00 4.169354096304343955e-04
2.850000000000000089e+00 0.000000000000000000e+00
2.900000000000000355e+00 6.146563373911388900e-05
2.950000000000000178e+00 0.000000000000000000e+00
3.000000000000000000e+00 1.532121442810886053e-04
3.050000000000000266e+00 0.000000000000000000e+00
3.100000000000000089e+00 0.000000000000000000e+00
3.150000000000000355e+00 0.000000000000000000e+00
3.200000000000000178e+00 0.000000000000000000e+00
3.250000000000000000e+00 3.819330850032858133e-04
3.300000000000000266e+00 0.000000000000000000e+00
3.350000000000000089e+00 0.000000000000000000e+00
3.400000000000000355e+00 0.000000000000000000e+00
3.450000000000000178e+00 1.804991161304300956e-04
3.500000000000000000e+00 0.000000000000000000e+00
3.550000000000000266e+00 1.395346258754377896e-04
3.600000000000000089e+00 0.000000000000000000e+00
3.650000000000000355e+00 0.000000000000000000e+00
3.700000000000000178e+00 0.000000000000000000e+00
3.750000000000000000e+00 0.000000000000000000e+00
3.800000000000000266e+00 0.000000000000000000e+00
3.850000000000000089e+00 0.000000000000000000e+00
3.900000000000000355e+00 0.000000000000000000e+00
3.950000000000000178e+00 0.000000000000000000e+00
4.000000000000000000e+00 0.000000000000000000e+00
4.049999999999999822e+00 0.000000000000000000e+00
4.100000000000000533e+00 0.000000000000000000e+00
4.150000000000000355e+00 0.000000000000000000e+00
4.200000000000000178e+00 0.000000000000000000e+00
4.250000000000000000e+00 0.000000000000000000e+00
4.299999999999999822e+00 0.000000000000000000e+00
4.350000000000000533e+00 0.000000000000000000e+00
4.400000000000000355e+00 0.000000000000000000e+00
4.450000000000000178e+00 0.000000000000000000e+00
4.500000000000000000e+00 0.000000000000000000e+00
4.549999999999999822e+00 0.000000000000000000e+00
4.600000000000000533e+00 0.000000000000000000e+00
4.650000000000000355e+00 0.000000000000000000e+00
4.700000000000000178e+00 0.000000000000000000e+00
4.750000000000000000e+00 0.000000000000000000e+00
4.800000000000000711e+00 0.000000000000000000e+00
4.850000000000000533e+00 0.000000000000000000e+00
4.900000000000000355e+00 0.000000000000000000e+00
4.950000000000000178e+00 0.000000000000000000e+00
5.000000000000000000e+00 0.000000000000000000e+00
5.050000000000000711e+00 0.000000000000000000e+00
5.100000000000000533e+00 0.000000000000000000e+00
5.150000000000000355e+00 0.000000000000000000e+00
5.200000000000000178e+00 0.000000000000000000e+00
5.250000000000000000e+00 0.000000000000000000e+00
5.300000000000000711e+00 0.000000000000000000e+00
5.350000000000000533e+00 0.000000000000000000e+00
5.400000000000000355e+00 0.000000000000000000e+00
5.450000000000000178e+00 0.000000000000000000e+00
5.500000000000000000e+00 0.000000000000000000e+00
5.550000000000000711e+00 0.000000000000000000e+00
5.600000000000000533e+00 0.000000000000000000e+00
5.650000000000000355e+00 0.000000000000000000e+00
5.700000000000000178e+00 0.000000000000000000e+00
5.750000000000000000e+00 0.000000000000000000e+00
5.800000000000000711e+00 0.000000000000000000e+00
5.850000000000000533e+00 0.000000000000000000e+00
5.900000000000000355e+00 0.000000000000000000e+00
5.950000000000000178e+00 0.000000000000000000e+00
