0.000000000000000000e+00 2.799003082895636639e-04
5.000000000000000278e-02 4.131153442945982883e-04
1.000000000000000056e-01 2.723346812040828321e-04
1.500000000000000222e-01 1.038557713216367324e-03
2.000000000000000111e-01 2.002678530030145131e-03
2.500000000000000000e-01 1.357492434604518679e-03
3.000000000000000444e-01 3.499435030026559323e-03
3.500000000000000333e-01 1.204855920491239556e-03
4.000000000000000222e-01 2.096604865603838349e-03
4.500000000000000111e-01 3.400473234486722351e-03
5.000000000000000000e-01 8.361738339234823028e-03
5.500000000000000444e-01 1.697697742792413783e-02
6.000000000000000888e-01 5.069240789080954601e-02
6.500000000000000222e-01 1.477812552649845901e-01
7.000000000000000666e-01 1.944370696718656366e-01
7.500000000000000000e-01 1.405060343946065993e-01
8.000000000000000444e-01 1.257492481934295581e-01
8.500000000000000888e-01 1.325806011028793086e-01
9.000000000000000222e-01 5.262453017815714451e-02
9.500000000000000666e-01 4.195764532626219262e-02
1.000000000000000000e+00 2.242668719751970963e-02
1.050000000000000044e+00 9.378329085259084000e-03
1.100000000000000089e+00 1.081958584953184553e-02
1.150000000000000133e+00 7.640666304735535368e-03
1.200000000000000178e+00 9.143148198273430907e-03
1.250000000000000000e+00 2.742830223983525224e-03
1.300000000000000044e+00 3.178217896121318751e-03
1.350000000000000089e+00 2.686069855243963887e-03
1.400000000000000133e+00 1.043098856595367019e-03
1.450000000000000178e+00 2.851750380469907217e-04
1.500000000000000000e+00 3.192571233653294905e-04
1.550000000000000044e+00 0.000000000000000000e+00
1.600000000000000089e+00 0.000000000000000000e+00
1.650000000000000133e+00 0.000000000000000000e+00
1.700000000000000178e+00 1.839000387468269794e-04
1.750000000000000000e+00 6.579870848232061717e-05
1.800000000000000044e+00 1.130720317754941055e-04
1.850000000000000089e+00 6.097903146364716358e-04
1.900000000000000133e+00 1.588078206959020922e-04
1.950000000000000178e+00 2.355394481176662066e-04
2.000000000000000000e+00 0.000000000000000000e+00
2.050000000000000266e+00 0.000000000000000000e+00
2.100000000000000089e+00 0.000000000000000000e+00
2.149999999999999911e+00 3.560314740205074776e-05
2.200000000000000178e+00 4.998381326658096063e-04
2.250000000000000000e+00 0.000000000000000000e+00
2.300000000000000266e+00 0.000000000000000000e+00
2.350000000000000089e+00 0.000000000000000000e+00
2.400000000000000355e+00 1.672212745943083684e-04
2.450000000000000178e+00 0.000000000000000000e+00
2.500000000000000000e+00 0.000000000000000000e+00
2.550000000000000266e+00 1.408915144970736104e-04
2.600000000000000089e+00 0.000000000000000000e+00
2.650000000000000355e+00 0.000000000000000000e+00
2.700000000000000178e+00 0.000000000000000000e+00
2.750000000000000000e+00 0.000000000000000000e+00
2.800000000000000266e+00 0.000000000000000000e+00
2.850000000000000089e+00 0.000000000000000000e+00
2.900000000000000355e+00 0.000000000000000000e+00
2.950000000000000178e+00 0.000000000000000000e+00
3.000000000000000000e+00 1.454142675581979692e-04
3.050000000000000266e+00 0.000000000000000000e+00
3.100000000000000089e+00 0.000000000000000000e+00
3.150000000000000355e+00 0.000000000000000000e+00
3.200000000000000178e+00 0.000000000000000000e+00
3.250000000000000000e+00 0.000000000000000000e+00
3.300000000000000266e+00 0.000000000000000000e+00
3.350000000000000089e+00 0.000000000000000000e+00
3.400000000000000355e+00 0.000000000000000000e+00
3.450000000000000178e+00 0.000000000000000000e+00
3.500000000000000000e+00 0.000000000000000000e+00
3.550000000000000266e+00 0.000000000000000000e+00
3.600000000000000089e+00 0.000000000000000000e+00
3.650000000000000355e+00 0.000000000000000000e+00
3.700000000000000178e+00 0.000000000000000000e+00
3.750000000000000000e+00 0.000000000000000000e+00
3.800000000000000266e+00 0.000000000000000000e+00
3.850000000000000089e+00 0.000000000000000000e+00
3.900000000000000355e+00 0.000000000000000000e+00
3.950000000000000178e+00 0.000000000000000000e+00
4.000000000000000000e+00 0.000000000000000000e+00
4.049999999999999822e+00 0.000000000000000000e+00
4.100000000000000533e+00 0.000000000000000000e+00
4.150000000000000355e+00 0.000000000000000000e+00
4.200000000000000178e+00 0.000000000000000000e+00
4.250000000000000000e+00 0.000000000000000000e+00
4.299999999999999822e+00 0.000000000000000000e+00
4.350000000000000533e+00 0.000000000000000000e+00
4.400000000000000355e+00 0.000000000000000000e+00
4.450000000000000178e+00 0.000000000000000000e+00
4.500000000000000000e+00 0.000000000000000000e+00
4.549999999999999822e+00 0.000000000000000000e+00
4.600000000000000533e+00 0.000000000000000000e+00
4.650000000000000355e+00 0.000000000000000000e+00
4.700000000000000178e+00 0.000000000000000000e+00
4.750000000000000000e+00 0.000000000000000000e+00
4.800000000000000711e+00 0.000000000000000000e+00
4.850000000000000533e+00 0.000000000000000000e+00
4.900000000000000355e+00 0.000000000000000000e+00
4.950000000000000178e+00 0.000000000000000000e+00
5.000000000000000000e+00 0.000000000000000000e+00
5.050000000000000711e+00 0.000000000000000000e+00
5.100000000000000533e+00 0.000000000000000000e+00
5.150000000000000355e+00 0.000000000000000000e+00
5.200000000000000178e+00 0.000000000000000000e+00
5.250000000000000000e+00 0.000000000000000000e+00
5.300000000000000711e+00 0.000000000000000000e+00
5.350000000000000533e+00 0.000000000000000000e+00
5.400000000000000355e+00 0.000000000000000000e+00
5.450000000000000178e+00 0.000000000000000000e+00
5.500000000000000000e+00 0.000000000000000000e+00
5.550000000000000711e+00 0.000000000000000000e+00
5.600000000000000533e+00 0.000000000000000000e+00
5.650000000000000355e+00 0.000000000000000000e+00
5.700000000000000178e+00 0.000000000000000000e+00
5.750000000000000000e+00 0.000000000000000000e+00
5.800000000000000711e+00 0.000000000000000000e+00
5.850000000000000533e+00 0.000000000000000000e+00
5.900000000000000355e+00 0.000000000000000000e+00
5.950000000000000178e+00 0.000000000000000000e+00
