0.000000000000000000e+00 0.000000000000000000e+00
5.000000000000000278e-02 1.834773680969880086e-04
1.000000000000000056e-01 7.996354316733301484e-04
1.500000000000000222e-01 3.093255015736183565e-04
2.000000000000000111e-01 6.400322528086936982e-04
2.500000000000000000e-01 1.192575379596351719e-03
3.000000000000000444e-01 1.808205810759004649e-03
3.500000000000000333e-01 1.531312301421874824e-03
4.000000000000000222e-01 1.792712607982685589e-03
4.500000000000000111e-01 1.487545329673264005e-03
5.000000000000000000e-01 3.834561820310982989e-03
5.500000000000000444e-01 5.875422395915247571e-03
6.000000000000000888e-01 1.552844263932762203e-02
6.500000000000000222e-01 2.861061948985778661e-02
7.000000000000000666e-01 5.640001517903418804e-02
7.500000000000000000e-01 5.895671822228078923e-02
8.000000000000000444e-01 8.364117414985207388e-02
8.500000000000000888e-01 1.247075816288047562e-01
9.000000000000000222e-01 8.948620250518485308e-02
9.500000000000000666e-01 1.044614669642324606e-01
1.000000000000000000e+00 1.063323643011831049e-01
1.050000000000000044e+00 5.536909177691344552e-02
1.100000000000000089e+00 5.805828154560072063e-02
1.150000000000000133e+00 4.508471126721699113e-02
1.200000000000000178e+00 5.318293393658302115e-02
1.250000000000000000e+00 3.155862536176658878e-02
1.300000000000000044e+00 2.139502393168829161e-02
1.350000000000000089e+00 2.031640190331252330e-02
1.400000000000000133e+00 8.713016293160702821e-03
1.450000000000000178e+00 3.153112653993106213e-03
1.500000000000000000e+00 1.511288874182812464e-03
1.550000000000000044e+00 2.592611509438343055e-04
1.600000000000000089e+00 8.807985478317400608e-04
1.650000000000000133e+00 7.062548154046578751e-04
1.700000000000000178e+00 3.696148737945303725e-04
1.750000000000000000e+00 5.455731728436927436e-04
1.800000000000000044e+00 8.468532934439118066e-04
1.850000000000000089e+00 9.036975890803676336e-06
1.900000000000000133e+00 1.513442710939275158e-03
1.950000000000000178e+00 2.942170224140088462e-04
2.000000000000000000e+00 1.357188089692962099e-03
2.050000000000000266e+00 9.897324661084583655e-04
2.100000000000000089e+00 2.074289712986467169e-04
2.149999999999999911e+00 1.808887489652317190e-04
2.200000000000000178e+00 1.677623610489257394e-04
2.250000000000000000e+00 4.430111762337334892e-04
2.300000000000000266e+00 5.289771547563187903e-04
2.350000000000000089e+00 1.117334618741948105e-04
2.400000000000000355e+00 5.626853732651918103e-04
2.450000000000000178e+00 7.571753169514179246e-05
2.500000000000000000e+00 2.767324220622108705e-05
2.550000000000000266e+00 3.006940323556435055e-04
2.600000000000000089e+00 1.940746182546814919e-05
2.650000000000000355e+00 8.506160085448834446e-04
2.700000000000000178e+00 2.690410252351517245e-04
2.750000000000000000e+00 9.751856471366423843e-06
2.800000000000000266e+00 2.978603210467585640e-06
2.850000000000000089e+00 0.000000000000000000e+00
2.900000000000000355e+00 0.000000000000000000e+00
2.950000000000000178e+00 0.000000000000000000e+00
3.000000000000000000e+00 0.000000000000000000e+00
3.050000000000000266e+00 0.000000000000000000e+00
3.100000000000000089e+00 0.000000000000000000e+00
3.150000000000000355e+00 0.000000000000000000e+00
3.200000000000000178e+00 0.000000000000000000e+00
3.250000000000000000e+00 2.851036583844661652e-05
3.300000000000000266e+00 0.000000000000000000e+00
3.350000000000000089e+00 0.000000000000000000e+00
3.400000000000000355e+00 0.000000000000000000e+00
3.450000000000000178e+00 0.000000000000000000e+00
3.500000000000000000e+00 0.000000000000000000e+00
3.550000000000000266e+00 0.000000000000000000e+00
3.600000000000000089e+00 0.000000000000000000e+00
3.650000000000000355e+00 0.000000000000000000e+00
3.700000000000000178e+00 0.000000000000000000e+00
3.750000000000000000e+00 0.000000000000000000e+00
3.800000000000000266e+00 0.000000000000000000e+00
3.850000000000000089e+00 0.000000000000000000e+00
3.900000000000000355e+00 0.000000000000000000e+00
3.950000000000000178e+00 0.000000000000000000e+00
4.000000000000000000e+00 0.000000000000000000e+00
4.049999999999999822e+00 0.000000000000000000e+00
4.100000000000000533e+00 0.000000000000000000e+00
4.150000000000000355e+00 0.000000000000000000e+00
4.200000000000000178e+00 0.000000000000000000e+00
4.250000000000000000e+00 0.000000000000000000e+00
4.299999999999999822e+00 0.000000000000000000e+00
4.350000000000000533e+00 0.000000000000000000e+00
4.400000000000000355e+00 0.000000000000000000e+00
4.450000000000000178e+00 0.000000000000000000e+00
4.500000000000000000e+00 1.324386919126519240e-04
4.549999999999999822e+00 0.000000000000000000e+00
4.600000000000000533e+00 0.000000000000000000e+00
4.650000000000000355e+00 0.000000000000000000e+00
4.700000000000000178e+00 0.000000000000000000e+00
4.750000000000000000e+00 0.000000000000000000e+00
4.800000000000000711e+00 0.000000000000000000e+00
4.850000000000000533e+00 0.000000000000000000e+00
4.900000000000000355e+00 0.000000000000000000e+00
4.950000000000000178e+00 0.000000000000000000e+00
5.000000000000000000e+00 0.000000000000000000e+00
5.050000000000000711e+00 0.000000000000000000e+00
5.100000000000000533e+00 0.000000000000000000e+00
5.150000000000000355e+00 0.000000000000000000e+00
5.200000000000000178e+00 0.000000000000000000e+00
5.250000000000000000e+00 0.000000000000000000e+00
5.300000000000000711e+00 0.000000000000000000e+00
5.350000000000000533e+00 0.000000000000000000e+00
5.400000000000000355e+00 0.000000000000000000e+00
5.450000000000000178e+00 0.000000000000000000e+00
5.500000000000000000e+00 0.000000000000000000e+00
5.550000000000000711e+00 0.000000000000000000e+00
5.600000000000000533e+00 0.000000000000000000e+00
5.650000000000000355e+00 0.000000000000000000e+00
5.700000000000000178e+00 0.000000000000000000e+00
5.750000000000000000e+00 0.000000000000000000e+00
5.800000000000000711e+00 0.000000000000000000e+00
5.850000000000000533e+00 0.000000000000000000e+00
5.900000000000000355e+00 0.000000000000000000e+00
5.950000000000000178e+00 0.000000000000000000e+00
