0.000000000000000000e+00 1.013326174567984140e-03
5.000000000000000278e-02 7.385824782652072743e-04
1.000000000000000056e-01 4.108388584044234994e-03
1.500000000000000222e-01 1.058848339017165636e-02
2.000000000000000111e-01 2.170592845543271518e-02
2.500000000000000000e-01 2.865315127993536132e-02
3.000000000000000444e-01 5.343049260913279586e-02
3.500000000000000333e-01 4.503063972123030889e-02
4.000000000000000222e-01 5.300925700679432612e-02
4.500000000000000111e-01 8.172007291364795367e-02
5.000000000000000000e-01 1.614397639615242352e-01
5.500000000000000444e-01 1.291707321440348499e-01
6.000000000000000888e-01 1.562955552045107166e-01
6.500000000000000222e-01 1.357587827572289407e-01
7.000000000000000666e-01 5.663669358545551924e-02
7.500000000000000000e-01 1.973931560786057818e-02
8.000000000000000444e-01 9.168516119270954043e-03
8.500000000000000888e-01 8.325758112540715405e-03
9.000000000000000222e-01 1.545103948670482159e-03
9.500000000000000666e-01 2.583081458496318261e-03
1.000000000000000000e+00 4.427825459535797252e-03
1.050000000000000044e+00 1.954588912577214042e-03
1.100000000000000089e+00 3.014864811821550868e-03
1.150000000000000133e+00 1.945132382063274271e-03
1.200000000000000178e+00 1.480436683182680254e-03
1.250000000000000000e+00 8.500545729865040994e-04
1.300000000000000044e+00 9.743169838901024477e-04
1.350000000000000089e+00 8.432294085872006672e-04
1.400000000000000133e+00 2.145939194785932637e-04
1.450000000000000178e+00 0.000000000000000000e+00
1.500000000000000000e+00 5.743036216450005246e-04
1.550000000000000044e+00 0.000000000000000000e+00
1.600000000000000089e+00 0.000000000000000000e+00
1.650000000000000133e+00 0.000000000000000000e+00
1.700000000000000178e+00 3.100036255951277232e-04
1.750000000000000000e+00 0.000000000000000000e+00
1.800000000000000044e+00 0.000000000000000000e+00
1.850000000000000089e+00 1.797081194465987382e-04
1.900000000000000133e+00 0.000000000000000000e+00
1.950000000000000178e+00 0.000000000000000000e+00
2.000000000000000000e+00 3.018886170110521484e-05
2.050000000000000266e+00 3.107879245669153555e-04
2.100000000000000089e+00 0.000000000000000000e+00
2.149999999999999911e+00 0.000000000000000000e+00
2.200000000000000178e+00 3.254572104309813672e-04
2.250000000000000000e+00 0.000000000000000000e+00
2.300000000000000266e+00 0.000000000000000000e+00
2.350000000000000089e+00 1.248013257323323964e-04
2.400000000000000355e+00 1.749737964785690861e-04
2.450000000000000178e+00 4.020051964424710113e-05
2.500000000000000000e+00 2.901201565739291088e-04
2.550000000000000266e+00 0.000000000000000000e+00
2.600000000000000089e+00 0.000000000000000000e+00
2.650000000000000355e+00 3.199082940888941747e-04
2.700000000000000178e+00 0.000000000000000000e+00
2.750000000000000000e+00 0.000000000000000000e+00
2.800000000000000266e+00 3.865992767590869508e-04
2.850000000000000089e+00 0.000000000000000000e+00
2.900000000000000355e+00 5.219538168637319922e-05
2.950000000000000178e+00 0.000000000000000000e+00
3.000000000000000000e+00 1.511024133551772532e-04
3.050000000000000266e+00 0.000000000000000000e+00
3.100000000000000089e+00 0.000000000000000000e+00
3.150000000000000355e+00 0.000000000000000000e+00
3.200000000000000178e+00 0.000000000000000000e+00
3.250000000000000000e+00 3.731503076613415970e-04
3.300000000000000266e+00 0.000000000000000000e+00
3.350000000000000089e+00 0.000000000000000000e+00
3.400000000000000355e+00 0.000000000000000000e+00
3.450000000000000178e+00 1.988506098126327450e-04
3.500000000000000000e+00 0.000000000000000000e+00
3.550000000000000266e+00 1.371014437206273398e-04
3.600000000000000089e+00 0.000000000000000000e+00
3.650000000000000355e+00 0.000000000000000000e+00
3.700000000000000178e+00 0.000000000000000000e+00
3.750000000000000000e+00 0.000000000000000000e+00
3.800000000000000266e+00 0.000000000000000000e+00
3.850000000000000089e+00 0.000000000000000000e+00
3.900000000000000355e+00 0.000000000000000000e+00
3.950000000000000178e+00 0.000000000000000000e+00
4.000000000000000000e+00 0.000000000000000000e+00
4.049999999999999822e+00 0.000000000000000000e+00
4.100000000000000533e+00 0.000000000000000000e+00
4.150000000000000355e+00 0.000000000000000000e+00
4.200000000000000178e+00 0.000000000000000000e+00
4.250000000000000000e+00 0.000000000000000000e+00
4.299999999999999822e+00 0.000000000000000000e+00
4.350000000000000533e+00 0.000000000000000000e+00
4.400000000000000355e+00 0.000000000000000000e+00
4.450000000000000178e+00 0.000000000000000000e+00
4.500000000000000000e+00 0.000000000000000000e+00
4.549999999999999822e+00 0.000000000000000000e+00
4.600000000000000533e+00 0.000000000000000000e+00
4.650000000000000355e+00 0.000000000000000000e+00
4.700000000000000178e+00 0.000000000000000000e+00
4.750000000000000000e+00 0.000000000000000000e+00
4.800000000000000711e+00 0.000000000000000000e+00
4.850000000000000533e+00 0.000000000000000000e+00
4.900000000000000355e+00 0.000000000000000000e+00
4.950000000000000178e+00 0.000000000000000000e+00
5.000000000000000000e+00 0.000000000000000000e+00
5.050000000000000711e+00 0.000000000000000000e+00
5.100000000000000533e+00 0.000000000000000000e+00
5.150000000000000355e+00 0.000000000000000000e+00
5.200000000000000178e+00 0.000000000000000000e+00
5.250000000000000000e+00 0.000000000000000000e+00
5.300000000000000711e+00 0.000000000000000000e+00
5.350000000000000533e+00 0.000000000000000000e+00
5.400000000000000355e+00 0.000000000000000000e+00
5.450000000000000178e+00 0.000000000000000000e+00
5.500000000000000000e+00 0.000000000000000000e+00
5.550000000000000711e+00 0.000000000000000000e+00
5.600000000000000533e+00 0.000000000000000000e+00
5.650000000000000355e+00 0.000000000000000000e+00
5.700000000000000178e+00 0.000000000000000000e+00
5.750000000000000000e+00 0.000000000000000000e+00
5.800000000000000711e+00 0.000000000000000000e+00
5.850000000000000533e+00 0.000000000000000000e+00
5.900000000000000355e+00 0.000000000000000000e+00
5.950000000000000178e+00 0.000000000000000000e+00
