0.000000000000000000e+00 0.000000000000000000e+00
5.000000000000000278e-02 1.689827880717812564e-04
1.000000000000000056e-01 7.490599819708330422e-04
1.500000000000000222e-01 3.195391486220478601e-04
2.000000000000000111e-01 6.182225496776504875e-04
2.500000000000000000e-01 1.301197714573766508e-03
3.000000000000000444e-01 2.044236294222384360e-03
3.500000000000000333e-01 1.564698244133765287e-03
4.000000000000000222e-01 1.918899345149952624e-03
4.500000000000000111e-01 1.826183081416067350e-03
5.000000000000000000e-01 3.949250008025292739e-03
5.500000000000000444e-01 6.445993652107483152e-03
6.000000000000000888e-01 1.723849639501465192e-02
6.500000000000000222e-01 3.126705084776913723e-02
7.000000000000000666e-01 6.028094980621977184e-02
7.500000000000000000e-01 6.080554446550499870e-02
8.000000000000000444e-01 8.480947576143176014e-02
8.500000000000000888e-01 1.268985035250850268e-01
9.000000000000000222e-01 8.944481875416961103e-02
9.500000000000000666e-01 1.027220274419798907e-01
1.000000000000000000e+00 1.039766855223496905e-01
1.050000000000000044e+00 5.442647006636960882e-02
1.100000000000000089e+00 5.586672417722005068e-02
1.150000000000000133e+00 4.379454343410951744e-02
1.200000000000000178e+00 5.134303366333391183e-02
1.250000000000000000e+00 3.042196721641945989e-02
1.300000000000000044e+00 2.040655928893591806e-02
1.350000000000000089e+00 1.976739278799483773e-02
1.400000000000000133e+00 8.571825656873817423e-03
1.450000000000000178e+00 3.097426813496425950e-03
1.500000000000000000e+00 1.503575222219236552e-03
1.550000000000000044e+00 2.409555094943234121e-04
1.600000000000000089e+00 7.926073649481911020e-04
1.650000000000000133e+00 7.122007404592615781e-04
1.700000000000000178e+00 3.599073069080575295e-04
1.750000000000000000e+00 5.947848408401976020e-04
1.800000000000000044e+00 8.324159145827540176e-04
1.850000000000000089e+00 8.315030180693211561e-06
1.900000000000000133e+00 1.530741378318257540e-03
1.950000000000000178e+00 3.313417400333630645e-04
2.000000000000000000e+00 1.387961850524054019e-03
2.050000000000000266e+00 9.246032144018394598e-04
2.100000000000000089e+00 1.928636634347483678e-04
2.149999999999999911e+00 1.624600489705317987e-04
2.200000000000000178e+00 1.367843080152922374e-04
2.250000000000000000e+00 4.563989683587867151e-04
2.300000000000000266e+00 5.388277327145963224e-04
2.350000000000000089e+00 9.412347939292500820e-05
2.400000000000000355e+00 5.436382919293564903e-04
2.450000000000000178e+00 6.971109364040170423e-05
2.500000000000000000e+00 2.044013682983628733e-05
2.550000000000000266e+00 2.917961460498423956e-04
2.600000000000000089e+00 1.508535219657114271e-05
2.650000000000000355e+00 8.291829452788533790e-04
2.700000000000000178e+00 2.352695050477439690e-04
2.750000000000000000e+00 7.303009400920914132e-06
2.800000000000000266e+00 5.161104510862600639e-06
2.850000000000000089e+00 0.000000000000000000e+00
2.900000000000000355e+00 0.000000000000000000e+00
2.950000000000000178e+00 0.000000000000000000e+00
3.000000000000000000e+00 0.000000000000000000e+00
3.050000000000000266e+00 0.000000000000000000e+00
3.100000000000000089e+00 0.000000000000000000e+00
3.150000000000000355e+00 0.000000000000000000e+00
3.200000000000000178e+00 0.000000000000000000e+00
3.250000000000000000e+00 1.895147123467363280e-05
3.300000000000000266e+00 0.000000000000000000e+00
3.350000000000000089e+00 0.000000000000000000e+00
3.400000000000000355e+00 0.000000000000000000e+00
3.450000000000000178e+00 0.000000000000000000e+00
3.500000000000000000e+00 0.000000000000000000e+00
3.550000000000000266e+00 0.000000000000000000e+00
3.600000000000000089e+00 0.000000000000000000e+00
3.650000000000000355e+00 0.000000000000000000e+00
3.700000000000000178e+00 0.000000000000000000e+00
3.750000000000000000e+00 0.000000000000000000e+00
3.800000000000000266e+00 0.000000000000000000e+00
3.850000000000000089e+00 0.000000000000000000e+00
3.900000000000000355e+00 0.000000000000000000e+00
3.950000000000000178e+00 0.000000000000000000e+00
4.000000000000000000e+00 0.000000000000000000e+00
4.049999999999999822e+00 0.000000000000000000e+00
4.100000000000000533e+00 0.000000000000000000e+00
4.150000000000000355e+00 0.000000000000000000e+00
4.200000000000000178e+00 0.000000000000000000e+00
4.250000000000000000e+00 0.000000000000000000e+00
4.299999999999999822e+00 0.000000000000000000e+00
4.350000000000000533e+00 0.000000000000000000e+00
4.400000000000000355e+00 0.000000000000000000e+00
4.450000000000000178e+00 0.000000000000000000e+00
4.500000000000000000e+00 1.418053240601700846e-04
4.549999999999999822e+00 0.000000000000000000e+00
4.600000000000000533e+00 0.000000000000000000e+00
4.650000000000000355e+00 0.000000000000000000e+00
4.700000000000000178e+00 0.000000000000000000e+00
4.750000000000000000e+00 0.000000000000000000e+00
4.800000000000000711e+00 0.000000000000000000e+00
4.850000000000000533e+00 0.000000000000000000e+00
4.900000000000000355e+00 0.000000000000000000e+00
4.950000000000000178e+00 0.000000000000000000e+00
5.000000000000000000e+00 0.000000000000000000e+00
5.050000000000000711e+00 0.000000000000000000e+00
5.100000000000000533e+00 0.000000000000000000e+00
5.150000000000000355e+00 0.000000000000000000e+00
5.200000000000000178e+00 0.000000000000000000e+00
5.250000000000000000e+00 0.000000000000000000e+00
5.300000000000000711e+00 0.000000000000000000e+00
5.350000000000000533e+00 0.000000000000000000e+00
5.400000000000000355e+00 0.000000000000000000e+00
5.450000000000000178e+00 0.000000000000000000e+00
5.500000000000000000e+00 0.000000000000000000e+00
5.550000000000000711e+00 0.000000000000000000e+00
5.600000000000000533e+00 0.000000000000000000e+00
5.650000000000000355e+00 0.000000000000000000e+00
5.700000000000000178e+00 0.000000000000000000e+00
5.750000000000000000e+00 0.000000000000000000e+00
5.800000000000000711e+00 0.000000000000000000e+00
5.850000000000000533e+00 0.000000000000000000e+00
5.900000000000000355e+00 0.000000000000000000e+00
5.950000000000000178e+00 0.000000000000000000e+00
