0.000000000000000000e+00 3.218616600163570524e-04
5.000000000000000278e-02 4.094634181413967173e-04
1.000000000000000056e-01 2.915435456217914108e-04
1.500000000000000222e-01 9.966346992728569981e-04
2.000000000000000111e-01 2.174260375109157185e-03
2.500000000000000000e-01 1.386161022034108816e-03
3.000000000000000444e-01 3.721296442713878817e-03
3.500000000000000333e-01 1.328230272115109214e-03
4.000000000000000222e-01 2.148475410027210920e-03
4.500000000000000111e-01 3.389093781619016612e-03
5.000000000000000000e-01 8.335496620040476826e-03
5.500000000000000444e-01 1.726942408847138496e-02
6.000000000000000888e-01 5.212284334998933122e-02
6.500000000000000222e-01 1.510665610721222962e-01
7.000000000000000666e-01 1.968545926006757540e-01
7.500000000000000000e-01 1.409855156250968133e-01
8.000000000000000444e-01 1.247030849505771227e-01
8.500000000000000888e-01 1.305873722816105753e-01
9.000000000000000222e-01 5.177632814582232984e-02
9.500000000000000666e-01 4.067146161272178206e-02
1.000000000000000000e+00 2.128878495773974325e-02
1.050000000000000044e+00 9.150923017538670212e-03
1.100000000000000089e+00 1.016621037872276687e-02
1.150000000000000133e+00 7.366755902265302407e-03
1.200000000000000178e+00 8.952057334446478568e-03
1.250000000000000000e+00 2.594487762638097127e-03
1.300000000000000044e+00 2.996664577459319957e-03
1.350000000000000089e+00 2.550065378400957934e-03
1.400000000000000133e+00 1.038486598513600583e-03
1.450000000000000178e+00 2.625705484665135812e-04
1.500000000000000000e+00 3.174933866954140972e-04
1.550000000000000044e+00 0.000000000000000000e+00
1.600000000000000089e+00 0.000000000000000000e+00
1.650000000000000133e+00 0.000000000000000000e+00
1.700000000000000178e+00 1.804066786382310672e-04
1.750000000000000000e+00 8.591644461398016317e-05
1.800000000000000044e+00 1.288231765029535251e-04
1.850000000000000089e+00 5.987120675510970366e-04
1.900000000000000133e+00 1.857626152084711224e-04
1.950000000000000178e+00 2.282384839740340997e-04
2.000000000000000000e+00 0.000000000000000000e+00
2.050000000000000266e+00 0.000000000000000000e+00
2.100000000000000089e+00 0.000000000000000000e+00
2.149999999999999911e+00 3.849110484364263258e-05
2.200000000000000178e+00 5.806100709065501212e-04
2.250000000000000000e+00 0.000000000000000000e+00
2.300000000000000266e+00 0.000000000000000000e+00
2.350000000000000089e+00 0.000000000000000000e+00
2.400000000000000355e+00 1.915213529780869972e-04
2.450000000000000178e+00 0.000000000000000000e+00
2.500000000000000000e+00 0.000000000000000000e+00
2.550000000000000266e+00 1.274876581515444070e-04
2.600000000000000089e+00 0.000000000000000000e+00
2.650000000000000355e+00 0.000000000000000000e+00
2.700000000000000178e+00 0.000000000000000000e+00
2.750000000000000000e+00 0.000000000000000000e+00
2.800000000000000266e+00 0.000000000000000000e+00
2.850000000000000089e+00 0.000000000000000000e+00
2.900000000000000355e+00 0.000000000000000000e+00
2.950000000000000178e+00 0.000000000000000000e+00
3.000000000000000000e+00 1.418621950180708972e-04
3.050000000000000266e+00 0.000000000000000000e+00
3.100000000000000089e+00 0.000000000000000000e+00
3.150000000000000355e+00 0.000000000000000000e+00
3.200000000000000178e+00 0.000000000000000000e+00
3.250000000000000000e+00 0.000000000000000000e+00
3.300000000000000266e+00 0.000000000000000000e+00
3.350000000000000089e+00 0.000000000000000000e+00
3.400000000000000355e+00 0.000000000000000000e+00
3.450000000000000178e+00 0.000000000000000000e+00
3.500000000000000000e+00 0.000000000000000000e+00
3.550000000000000266e+00 0.000000000000000000e+00
3.600000000000000089e+00 0.000000000000000000e+00
3.650000000000000355e+00 0.000000000000000000e+00
3.700000000000000178e+00 0.000000000000000000e+00
3.750000000000000000e+00 0.000000000000000000e+00
3.800000000000000266e+00 0.000000000000000000e+00
3.850000000000000089e+00 0.000000000000000000e+00
3.900000000000000355e+00 0.000000000000000000e+00
3.950000000000000178e+00 0.000000000000000000e+00
4.000000000000000000e+00 0.000000000000000000e+00
4.049999999999999822e+00 0.000000000000000000e+00
4.100000000000000533e+00 0.000000000000000000e+00
4.150000000000000355e+00 0.000000000000000000e+00
4.200000000000000178e+00 0.000000000000000000e+00
4.250000000000000000e+00 0.000000000000000000e+00
4.299999999999999822e+00 0.000000000000000000e+00
4.350000000000000533e+00 0.000000000000000000e+00
4.400000000000000355e+00 0.000000000000000000e+00
4.450000000000000178e+00 0.000000000000000000e+00
4.500000000000000000e+00 0.000000000000000000e+00
4.549999999999999822e+00 0.000000000000000000e+00
4.600000000000000533e+00 0.000000000000000000e+00
4.650000000000000355e+00 0.000000000000000000e+00
4.700000000000000178e+00 0.000000000000000000e+00
4.750000000000000000e+00 0.000000000000000000e+00
4.800000000000000711e+00 0.000000000000000000e+00
4.850000000000000533e+00 0.000000000000000000e+00
4.900000000000000355e+00 0.000000000000000000e+00
4.950000000000000178e+00 0.000000000000000000e+00
5.000000000000000000e+00 0.000000000000000000e+00
5.050000000000000711e+00 0.000000000000000000e+00
5.100000000000000533e+00 0.000000000000000000e+00
5.150000000000000355e+00 0.000000000000000000e+00
5.200000000000000178e+00 0.000000000000000000e+00
5.250000000000000000e+00 0.000000000000000000e+00
5.300000000000000711e+00 0.000000000000000000e+00
5.350000000000000533e+00 0.000000000000000000e+00
5.400000000000000355e+00 0.000000000000000000e+00
5.450000000000000178e+00 0.000000000000000000e+00
5.500000000000000000e+00 0.000000000000000000e+00
5.550000000000000711e+00 0.000000000000000000e+00
5.600000000000000533e+00 0.000000000000000000e+00
5.650000000000000355e+00 0.000000000000000000e+00
5.700000000000000178e+00 0.000000000000000000e+00
5.750000000000000000e+00 0.000000000000000000e+00
5.800000000000000711e+00 0.000000000000000000e+00
5.850000000000000533e+00 0.000000000000000000e+00
5.900000000000000355e+00 0.000000000000000000e+00
5.950000000000000178e+00 0.000000000000000000e+00
