0.000000000000000000e+00 7.775081874060955217e-03
5.000000000000000278e-02 2.197046694736322706e-02
1.000000000000000056e-01 1.508085025229948251e-01
1.500000000000000222e-01 1.269589630682967929e-01
2.000000000000000111e-01 2.905222441356219432e-01
2.500000000000000000e-01 1.528761292275755412e-01
3.000000000000000444e-01 1.098668942002406224e-01
3.500000000000000333e-01 4.618444041078306750e-02
4.000000000000000222e-01 2.715456765336829101e-02
4.500000000000000111e-01 1.096007660014242623e-02
5.000000000000000000e-01 2.366882483420709726e-02
5.500000000000000444e-01 3.619328938119407025e-03
6.000000000000000888e-01 7.095002205512782566e-03
6.500000000000000222e-01 3.775851397641989855e-03
7.000000000000000666e-01 2.550372509024710806e-03
7.500000000000000000e-01 6.950330313073078102e-03
8.000000000000000444e-01 2.573257009672628385e-03
8.500000000000000888e-01 0.000000000000000000e+00
9.000000000000000222e-01 0.000000000000000000e+00
9.500000000000000666e-01 0.000000000000000000e+00
1.000000000000000000e+00 0.000000000000000000e+00
1.050000000000000044e+00 0.000000000000000000e+00
1.100000000000000089e+00 1.227205798062291475e-03
1.150000000000000133e+00 0.000000000000000000e+00
1.200000000000000178e+00 6.329180731987750583e-04
1.250000000000000000e+00 4.357535450828911908e-04
1.300000000000000044e+00 0.000000000000000000e+00
1.350000000000000089e+00 0.000000000000000000e+00
1.400000000000000133e+00 0.000000000000000000e+00
1.450000000000000178e+00 0.000000000000000000e+00
1.500000000000000000e+00 9.811300518119501091e-04
1.550000000000000044e+00 0.000000000000000000e+00
1.600000000000000089e+00 0.000000000000000000e+00
1.650000000000000133e+00 3.233744513134160798e-04
1.700000000000000178e+00 0.000000000000000000e+00
1.750000000000000000e+00 0.000000000000000000e+00
1.800000000000000044e+00 1.145371924152635340e-03
1.850000000000000089e+00 0.000000000000000000e+00
1.900000000000000133e+00 0.000000000000000000e+00
1.950000000000000178e+00 7.474115969485579849e-04
2.000000000000000000e+00 4.947744328028725507e-04
2.050000000000000266e+00 0.000000000000000000e+00
2.100000000000000089e+00 4.357535450828911908e-04
2.149999999999999911e+00 0.000000000000000000e+00
2.200000000000000178e+00 0.000000000000000000e+00
2.250000000000000000e+00 0.000000000000000000e+00
2.300000000000000266e+00 0.000000000000000000e+00
2.350000000000000089e+00 0.000000000000000000e+00
2.400000000000000355e+00 2.238864643681063769e-04
2.450000000000000178e+00 0.000000000000000000e+00
2.500000000000000000e+00 1.802912917475904000e-04
2.550000000000000266e+00 4.357535450828911908e-04
2.600000000000000089e+00 0.000000000000000000e+00
2.650000000000000355e+00 0.000000000000000000e+00
2.700000000000000178e+00 4.346062057884077234e-04
2.750000000000000000e+00 0.000000000000000000e+00
2.800000000000000266e+00 8.630099649354959577e-04
2.850000000000000089e+00 0.000000000000000000e+00
2.900000000000000355e+00 0.000000000000000000e+00
2.950000000000000178e+00 0.000000000000000000e+00
3.000000000000000000e+00 0.000000000000000000e+00
3.050000000000000266e+00 0.000000000000000000e+00
3.100000000000000089e+00 0.000000000000000000e+00
3.150000000000000355e+00 0.000000000000000000e+00
3.200000000000000178e+00 0.000000000000000000e+00
3.250000000000000000e+00 0.000000000000000000e+00
3.300000000000000266e+00 0.000000000000000000e+00
3.350000000000000089e+00 0.000000000000000000e+00
3.400000000000000355e+00 0.000000000000000000e+00
3.450000000000000178e+00 0.000000000000000000e+00
3.500000000000000000e+00 0.000000000000000000e+00
3.550000000000000266e+00 0.000000000000000000e+00
3.600000000000000089e+00 0.000000000000000000e+00
3.650000000000000355e+00 0.000000000000000000e+00
3.700000000000000178e+00 0.000000000000000000e+00
3.750000000000000000e+00 0.000000000000000000e+00
3.800000000000000266e+00 0.000000000000000000e+00
3.850000000000000089e+00 0.000000000000000000e+00
3.900000000000000355e+00 0.000000000000000000e+00
3.950000000000000178e+00 0.000000000000000000e+00
4.000000000000000000e+00 0.000000000000000000e+00
4.049999999999999822e+00 0.000000000000000000e+00
4.100000000000000533e+00 0.000000000000000000e+00
4.150000000000000355e+00 0.000000000000000000e+00
4.200000000000000178e+00 0.000000000000000000e+00
4.250000000000000000e+00 0.000000000000000000e+00
4.299999999999999822e+00 0.000000000000000000e+00
4.350000000000000533e+00 0.000000000000000000e+00
4.400000000000000355e+00 0.000000000000000000e+00
4.450000000000000178e+00 0.000000000000000000e+00
4.500000000000000000e+00 0.000000000000000000e+00
4.549999999999999822e+00 0.000000000000000000e+00
4.600000000000000533e+00 0.000000000000000000e+00
4.650000000000000355e+00 0.000000000000000000e+00
4.700000000000000178e+00 0.000000000000000000e+00
4.750000000000000000e+00 0.000000000000000000e+00
4.800000000000000711e+00 0.000000000000000000e+00
4.850000000000000533e+00 0.000000000000000000e+00
4.900000000000000355e+00 0.000000000000000000e+00
4.950000000000000178e+00 0.000000000000000000e+00
5.000000000000000000e+00 0.000000000000000000e+00
5.050000000000000711e+00 0.000000000000000000e+00
5.100000000000000533e+00 0.000000000000000000e+00
5.150000000000000355e+00 0.000000000000000000e+00
5.200000000000000178e+00 0.000000000000000000e+00
5.250000000000000000e+00 0.000000000000000000e+00
5.300000000000000711e+00 0.000000000000000000e+00
5.350000000000000533e+00 0.000000000000000000e+00
5.400000000000000355e+00 0.000000000000000000e+00
5.450000000000000178e+00 0.000000000000000000e+00
5.500000000000000000e+00 0.000000000000000000e+00
5.550000000000000711e+00 0.000000000000000000e+00
5.600000000000000533e+00 0.000000000000000000e+00
5.650000000000000355e+00 0.000000000000000000e+00
5.700000000000000178e+00 0.000000000000000000e+00
5.750000000000000000e+00 0.000000000000000000e+00
5.800000000000000711e+00 0.000000000000000000e+00
5.850000000000000533e+00 0.000000000000000000e+00
5.900000000000000355e+00 0.000000000000000000e+00
5.950000000000000178e+00 0.000000000000000000e+00
