0.000000000000000000e+00 3.441877736736691056e-04
5.000000000000000278e-02 4.166079591568066500e-04
1.000000000000000056e-01 3.152073742591214893e-04
1.500000000000000222e-01 1.127066371633238424e-03
2.000000000000000111e-01 2.250800844370644000e-03
2.500000000000000000e-01 1.346679243947740412e-03
3.000000000000000444e-01 3.741743254205559446e-03
3.500000000000000333e-01 1.319469563585810813e-03
4.000000000000000222e-01 2.142030655116647624e-03
4.500000000000000111e-01 3.463582639239667915e-03
5.000000000000000000e-01 8.541810506977661616e-03
5.500000000000000444e-01 1.772277329741015969e-02
6.000000000000000888e-01 5.366727482411784433e-02
6.500000000000000222e-01 1.548197734519378699e-01
7.000000000000000666e-01 1.992361785087117254e-01
7.500000000000000000e-01 1.416150728783983348e-01
8.000000000000000444e-01 1.241184922616964947e-01
8.500000000000000888e-01 1.279341858732210846e-01
9.000000000000000222e-01 5.007345811160189564e-02
9.500000000000000666e-01 3.907348500221440729e-02
1.000000000000000000e+00 2.047288500335186362e-02
1.050000000000000044e+00 8.606522680825807320e-03
1.100000000000000089e+00 9.979502374623772445e-03
1.150000000000000133e+00 7.311408158700126100e-03
1.200000000000000178e+00 8.603416313641334273e-03
1.250000000000000000e+00 2.503099281230531867e-03
1.300000000000000044e+00 2.863851104757352255e-03
1.350000000000000089e+00 2.577217588535331283e-03
1.400000000000000133e+00 1.033865056276468859e-03
1.450000000000000178e+00 2.455259875041146856e-04
1.500000000000000000e+00 3.353098355285915699e-04
1.550000000000000044e+00 0.000000000000000000e+00
1.600000000000000089e+00 0.000000000000000000e+00
1.650000000000000133e+00 0.000000000000000000e+00
1.700000000000000178e+00 1.617099856871118807e-04
1.750000000000000000e+00 5.362257139515356645e-05
1.800000000000000044e+00 1.285051759230091827e-04
1.850000000000000089e+00 5.854618542201079625e-04
1.900000000000000133e+00 1.990385841599507321e-04
1.950000000000000178e+00 2.169625556295809064e-04
2.000000000000000000e+00 0.000000000000000000e+00
2.050000000000000266e+00 0.000000000000000000e+00
2.100000000000000089e+00 0.000000000000000000e+00
2.149999999999999911e+00 3.638485451677318707e-05
2.200000000000000178e+00 5.624591167156825456e-04
2.250000000000000000e+00 0.000000000000000000e+00
2.300000000000000266e+00 0.000000000000000000e+00
2.350000000000000089e+00 0.000000000000000000e+00
2.400000000000000355e+00 1.823114436096686893e-04
2.450000000000000178e+00 0.000000000000000000e+00
2.500000000000000000e+00 0.000000000000000000e+00
2.550000000000000266e+00 1.382066342831104750e-04
2.600000000000000089e+00 0.000000000000000000e+00
2.650000000000000355e+00 0.000000000000000000e+00
2.700000000000000178e+00 0.000000000000000000e+00
2.750000000000000000e+00 0.000000000000000000e+00
2.800000000000000266e+00 0.000000000000000000e+00
2.850000000000000089e+00 0.000000000000000000e+00
2.900000000000000355e+00 0.000000000000000000e+00
2.950000000000000178e+00 0.000000000000000000e+00
3.000000000000000000e+00 1.358110351326157340e-04
3.050000000000000266e+00 0.000000000000000000e+00
3.100000000000000089e+00 0.000000000000000000e+00
3.150000000000000355e+00 0.000000000000000000e+00
3.200000000000000178e+00 0.000000000000000000e+00
3.250000000000000000e+00 0.000000000000000000e+00
3.300000000000000266e+00 0.000000000000000000e+00
3.350000000000000089e+00 0.000000000000000000e+00
3.400000000000000355e+00 0.000000000000000000e+00
3.450000000000000178e+00 0.000000000000000000e+00
3.500000000000000000e+00 0.000000000000000000e+00
3.550000000000000266e+00 0.000000000000000000e+00
3.600000000000000089e+00 0.000000000000000000e+00
3.650000000000000355e+00 0.000000000000000000e+00
3.700000000000000178e+00 0.000000000000000000e+00
3.750000000000000000e+00 0.000000000000000000e+00
3.800000000000000266e+00 0.000000000000000000e+00
3.850000000000000089e+00 0.000000000000000000e+00
3.900000000000000355e+00 0.000000000000000000e+00
3.950000000000000178e+00 0.000000000000000000e+00
4.000000000000000000e+00 0.000000000000000000e+00
4.049999999999999822e+00 0.000000000000000000e+00
4.100000000000000533e+00 0.000000000000000000e+00
4.150000000000000355e+00 0.000000000000000000e+00
4.200000000000000178e+00 0.000000000000000000e+00
4.250000000000000000e+00 0.000000000000000000e+00
4.299999999999999822e+00 0.000000000000000000e+00
4.350000000000000533e+00 0.000000000000000000e+00
4.400000000000000355e+00 0.000000000000000000e+00
4.450000000000000178e+00 0.000000000000000000e+00
4.500000000000000000e+00 0.000000000000000000e+00
4.549999999999999822e+00 0.000000000000000000e+00
4.600000000000000533e+00 0.000000000000000000e+00
4.650000000000000355e+00 0.000000000000000000e+00
4.700000000000000178e+00 0.000000000000000000e+00
4.750000000000000000e+00 0.000000000000000000e+00
4.800000000000000711e+00 0.000000000000000000e+00
4.850000000000000533e+00 0.000000000000000000e+00
4.900000000000000355e+00 0.000000000000000000e+00
4.950000000000000178e+00 0.000000000000000000e+00
5.000000000000000000e+00 0.000000000000000000e+00
5.050000000000000711e+00 0.000000000000000000e+00
5.100000000000000533e+00 0.000000000000000000e+00
5.150000000000000355e+00 0.000000000000000000e+00
5.200000000000000178e+00 0.000000000000000000e+00
5.250000000000000000e+00 0.000000000000000000e+00
5.300000000000000711e+00 0.000000000000000000e+00
5.350000000000000533e+00 0.000000000000000000e+00
5.400000000000000355e+00 0.000000000000000000e+00
5.450000000000000178e+00 0.000000000000000000e+00
5.500000000000000000e+00 0.000000000000000000e+00
5.550000000000000711e+00 0.000000000000000000e+00
5.600000000000000533e+00 0.000000000000000000e+00
5.650000000000000355e+00 0.000000000000000000e+00
5.700000000000000178e+00 0.000000000000000000e+00
5.750000000000000000e+00 0.000000000000000000e+00
5.800000000000000711e+00 0.000000000000000000e+00
5.850000000000000533e+00 0.000000000000000000e+00
5.900000000000000355e+00 0.000000000000000000e+00
5.950000000000000178e+00 0.000000000000000000e+00
