0.000000000000000000e+00 1.047697941414021602e-03
5.000000000000000278e-02 6.948716437555410705e-04
1.000000000000000056e-01 4.026055091980873177e-03
1.500000000000000222e-01 1.025458728638192936e-02
2.000000000000000111e-01 2.155660940847871701e-02
2.500000000000000000e-01 2.833949587177405152e-02
3.000000000000000444e-01 5.315335913434734300e-02
3.500000000000000333e-01 4.503999199663564351e-02
4.000000000000000222e-01 5.268381165439877528e-02
4.500000000000000111e-01 8.258446531493431053e-02
5.000000000000000000e-01 1.638131729856443508e-01
5.500000000000000444e-01 1.303204046768832447e-01
6.000000000000000888e-01 1.568929375637971302e-01
6.500000000000000222e-01 1.352838340246221849e-01
7.000000000000000666e-01 5.549545603972353552e-02
7.500000000000000000e-01 1.899897413891788941e-02
8.000000000000000444e-01 8.795994469268255886e-03
8.500000000000000888e-01 8.054144486579987300e-03
9.000000000000000222e-01 1.473945857069202227e-03
9.500000000000000666e-01 2.439334935482634966e-03
1.000000000000000000e+00 4.252821598816073495e-03
1.050000000000000044e+00 1.828044420305781305e-03
1.100000000000000089e+00 2.884214788945412868e-03
1.150000000000000133e+00 2.450673791368972523e-03
1.200000000000000178e+00 1.455667806824918406e-03
1.250000000000000000e+00 8.075762032399801376e-04
1.300000000000000044e+00 9.733038435000030417e-04
1.350000000000000089e+00 7.804478488289241182e-04
1.400000000000000133e+00 2.228657706684815203e-04
1.450000000000000178e+00 0.000000000000000000e+00
1.500000000000000000e+00 5.511343592298457387e-04
1.550000000000000044e+00 0.000000000000000000e+00
1.600000000000000089e+00 0.000000000000000000e+00
1.650000000000000133e+00 0.000000000000000000e+00
1.700000000000000178e+00 3.195245150462038323e-04
1.750000000000000000e+00 0.000000000000000000e+00
1.800000000000000044e+00 0.000000000000000000e+00
1.850000000000000089e+00 1.839036124644573961e-04
1.900000000000000133e+00 0.000000000000000000e+00
1.950000000000000178e+00 0.000000000000000000e+00
2.000000000000000000e+00 2.495483960642968480e-05
2.050000000000000266e+00 3.041776702781883519e-04
2.100000000000000089e+00 0.000000000000000000e+00
2.149999999999999911e+00 0.000000000000000000e+00
2.200000000000000178e+00 3.525877227759417081e-04
2.250000000000000000e+00 0.000000000000000000e+00
2.300000000000000266e+00 0.000000000000000000e+00
2.350000000000000089e+00 1.112419262895526301e-04
2.400000000000000355e+00 1.813216758602360977e-04
2.450000000000000178e+00 3.125045281546384338e-05
2.500000000000000000e+00 2.733955297212670751e-04
2.550000000000000266e+00 0.000000000000000000e+00
2.600000000000000089e+00 0.000000000000000000e+00
2.650000000000000355e+00 3.041724802783191909e-04
2.700000000000000178e+00 0.000000000000000000e+00
2.750000000000000000e+00 0.000000000000000000e+00
2.800000000000000266e+00 3.728493093200561351e-04
2.850000000000000089e+00 0.000000000000000000e+00
2.900000000000000355e+00 5.968605180820936521e-05
2.950000000000000178e+00 0.000000000000000000e+00
3.000000000000000000e+00 1.410281476224762469e-04
3.050000000000000266e+00 0.000000000000000000e+00
3.100000000000000089e+00 0.000000000000000000e+00
3.150000000000000355e+00 0.000000000000000000e+00
3.200000000000000178e+00 0.000000000000000000e+00
3.250000000000000000e+00 3.776535118124751435e-04
3.300000000000000266e+00 0.000000000000000000e+00
3.350000000000000089e+00 0.000000000000000000e+00
3.400000000000000355e+00 0.000000000000000000e+00
3.450000000000000178e+00 2.003958413519948229e-04
3.500000000000000000e+00 0.000000000000000000e+00
3.550000000000000266e+00 1.301760206170038403e-04
3.600000000000000089e+00 0.000000000000000000e+00
3.650000000000000355e+00 0.000000000000000000e+00
3.700000000000000178e+00 0.000000000000000000e+00
3.750000000000000000e+00 0.000000000000000000e+00
3.800000000000000266e+00 0.000000000000000000e+00
3.850000000000000089e+00 0.000000000000000000e+00
3.900000000000000355e+00 0.000000000000000000e+00
3.950000000000000178e+00 0.000000000000000000e+00
4.000000000000000000e+00 0.000000000000000000e+00
4.049999999999999822e+00 0.000000000000000000e+00
4.100000000000000533e+00 0.000000000000000000e+00
4.150000000000000355e+00 0.000000000000000000e+00
4.200000000000000178e+00 0.000000000000000000e+00
4.250000000000000000e+00 0.000000000000000000e+00
4.299999999999999822e+00 0.000000000000000000e+00
4.350000000000000533e+00 0.000000000000000000e+00
4.400000000000000355e+00 0.000000000000000000e+00
4.450000000000000178e+00 0.000000000000000000e+00
4.500000000000000000e+00 0.000000000000000000e+00
4.549999999999999822e+00 0.000000000000000000e+00
4.600000000000000533e+00 0.000000000000000000e+00
4.650000000000000355e+00 0.000000000000000000e+00
4.700000000000000178e+00 0.000000000000000000e+00
4.750000000000000000e+00 0.000000000000000000e+00
4.800000000000000711e+00 0.000000000000000000e+00
4.850000000000000533e+00 0.000000000000000000e+00
4.900000000000000355e+00 0.000000000000000000e+00
4.950000000000000178e+00 0.000000000000000000e+00
5.000000000000000000e+00 0.000000000000000000e+00
5.050000000000000711e+00 0.000000000000000000e+00
5.100000000000000533e+00 0.000000000000000000e+00
5.150000000000000355e+00 0.000000000000000000e+00
5.200000000000000178e+00 0.000000000000000000e+00
5.250000000000000000e+00 0.000000000000000000e+00
5.300000000000000711e+00 0.000000000000000000e+00
5.350000000000000533e+00 0.000000000000000000e+00
5.400000000000000355e+00 0.000000000000000000e+00
5.450000000000000178e+00 0.000000000000000000e+00
5.500000000000000000e+00 0.000000000000000000e+00
5.550000000000000711e+00 0.000000000000000000e+00
5.600000000000000533e+00 0.000000000000000000e+00
5.650000000000000355e+00 0.000000000000000000e+00
5.700000000000000178e+00 0.000000000000000000e+00
5.750000000000000000e+00 0.000000000000000000e+00
5.800000000000000711e+00 0.000000000000000000e+00
5.850000000000000533e+00 0.000000000000000000e+00
5.900000000000000355e+00 0.000000000000000000e+00
5.950000000000000178e+00 0.000000000000000000e+00
