0.000000000000000000e+00 0.000000000000000000e+00
5.000000000000000278e-02 1.668843152923692088e-04
1.000000000000000056e-01 7.875902799153594591e-04
1.500000000000000222e-01 3.304055187017705328e-04
2.000000000000000111e-01 6.121780569912765044e-04
2.500000000000000000e-01 1.274283029034831583e-03
3.000000000000000444e-01 2.171587406683977289e-03
3.500000000000000333e-01 1.575298702915085445e-03
4.000000000000000222e-01 1.926280057371213298e-03
4.500000000000000111e-01 2.087554421752385765e-03
5.000000000000000000e-01 4.048644807190119981e-03
5.500000000000000444e-01 6.894482770124684898e-03
6.000000000000000888e-01 1.829980792031808343e-02
6.500000000000000222e-01 3.331018169651847605e-02
7.000000000000000666e-01 6.269952418181196085e-02
7.500000000000000000e-01 6.219146986284746631e-02
8.000000000000000444e-01 8.622587471913546742e-02
8.500000000000000888e-01 1.290873929327162328e-01
9.000000000000000222e-01 8.998587926844231477e-02
9.500000000000000666e-01 1.017592233290025711e-01
1.000000000000000000e+00 1.026521002597346049e-01
1.050000000000000044e+00 5.331394374230400551e-02
1.100000000000000089e+00 5.451417478101419634e-02
1.150000000000000133e+00 4.266132332355777879e-02
1.200000000000000178e+00 4.932960550410589451e-02
1.250000000000000000e+00 2.941019783920782726e-02
1.300000000000000044e+00 1.955354796369079134e-02
1.350000000000000089e+00 1.901134872545402407e-02
1.400000000000000133e+00 8.404912401744466313e-03
1.450000000000000178e+00 3.011917695569563992e-03
1.500000000000000000e+00 1.482111229736997587e-03
1.550000000000000044e+00 2.204897598223663302e-04
1.600000000000000089e+00 8.124780320131467408e-04
1.650000000000000133e+00 6.779268203915694846e-04
1.700000000000000178e+00 3.580881794671504550e-04
1.750000000000000000e+00 6.204877858874073126e-04
1.800000000000000044e+00 8.592813864664286712e-04
1.850000000000000089e+00 7.306595337828791225e-06
1.900000000000000133e+00 1.524088200156780088e-03
1.950000000000000178e+00 3.708611463052234147e-04
2.000000000000000000e+00 1.343203551963026128e-03
2.050000000000000266e+00 8.808282589144961292e-04
2.100000000000000089e+00 1.796182247752160050e-04
2.149999999999999911e+00 1.456784486549986745e-04
2.200000000000000178e+00 1.301139230634591434e-04
2.250000000000000000e+00 4.510435352525076109e-04
2.300000000000000266e+00 5.180955430220524462e-04
2.350000000000000089e+00 8.695782733814076009e-05
2.400000000000000355e+00 5.099984465953606326e-04
2.450000000000000178e+00 6.368708423760410385e-05
2.500000000000000000e+00 1.782295965547825867e-05
2.550000000000000266e+00 3.075896379281833535e-04
2.600000000000000089e+00 1.422778211395983337e-05
2.650000000000000355e+00 8.288347069376576911e-04
2.700000000000000178e+00 2.382684800354157716e-04
2.750000000000000000e+00 6.665666759296924640e-06
2.800000000000000266e+00 6.936192559684864657e-06
2.850000000000000089e+00 0.000000000000000000e+00
2.900000000000000355e+00 0.000000000000000000e+00
2.950000000000000178e+00 0.000000000000000000e+00
3.000000000000000000e+00 0.000000000000000000e+00
3.050000000000000266e+00 0.000000000000000000e+00
3.100000000000000089e+00 0.000000000000000000e+00
3.150000000000000355e+00 0.000000000000000000e+00
3.200000000000000178e+00 0.000000000000000000e+00
3.250000000000000000e+00 2.326446041168946560e-05
3.300000000000000266e+00 0.000000000000000000e+00
3.350000000000000089e+00 0.000000000000000000e+00
3.400000000000000355e+00 0.000000000000000000e+00
3.450000000000000178e+00 0.000000000000000000e+00
3.500000000000000000e+00 0.000000000000000000e+00
3.550000000000000266e+00 0.000000000000000000e+00
3.600000000000000089e+00 0.000000000000000000e+00
3.650000000000000355e+00 0.000000000000000000e+00
3.700000000000000178e+00 0.000000000000000000e+00
3.750000000000000000e+00 0.000000000000000000e+00
3.800000000000000266e+00 0.000000000000000000e+00
3.850000000000000089e+00 0.000000000000000000e+00
3.900000000000000355e+00 0.000000000000000000e+00
3.950000000000000178e+00 0.000000000000000000e+00
4.000000000000000000e+00 0.000000000000000000e+00
4.049999999999999822e+00 0.000000000000000000e+00
4.100000000000000533e+00 0.000000000000000000e+00
4.150000000000000355e+00 0.000000000000000000e+00
4.200000000000000178e+00 0.000000000000000000e+00
4.250000000000000000e+00 0.000000000000000000e+00
4.299999999999999822e+00 0.000000000000000000e+00
4.350000000000000533e+00 0.000000000000000000e+00
4.400000000000000355e+00 0.000000000000000000e+00
4.450000000000000178e+00 0.000000000000000000e+00
4.500000000000000000e+00 1.402924235287793264e-04
4.549999999999999822e+00 0.000000000000000000e+00
4.600000000000000533e+00 0.000000000000000000e+00
4.650000000000000355e+00 0.000000000000000000e+00
4.700000000000000178e+00 0.000000000000000000e+00
4.750000000000000000e+00 0.000000000000000000e+00
4.800000000000000711e+00 0.000000000000000000e+00
4.850000000000000533e+00 0.000000000000000000e+00
4.900000000000000355e+00 0.000000000000000000e+00
4.950000000000000178e+00 0.000000000000000000e+00
5.000000000000000000e+00 0.000000000000000000e+00
5.050000000000000711e+00 0.000000000000000000e+00
5.100000000000000533e+00 0.000000000000000000e+00
5.150000000000000355e+00 0.000000000000000000e+00
5.200000000000000178e+00 0.000000000000000000e+00
5.250000000000000000e+00 0.000000000000000000e+00
5.300000000000000711e+00 0.000000000000000000e+00
5.350000000000000533e+00 0.000000000000000000e+00
5.400000000000000355e+00 0.000000000000000000e+00
5.450000000000000178e+00 0.000000000000000000e+00
5.500000000000000000e+00 0.000000000000000000e+00
5.550000000000000711e+00 0.000000000000000000e+00
5.600000000000000533e+00 0.000000000000000000e+00
5.650000000000000355e+00 0.000000000000000000e+00
5.700000000000000178e+00 0.000000000000000000e+00
5.750000000000000000e+00 0.000000000000000000e+00
5.800000000000000711e+00 0.000000000000000000e+00
5.850000000000000533e+00 0.000000000000000000e+00
5.900000000000000355e+00 0.000000000000000000e+00
5.950000000000000178e+00 0.000000000000000000e+00
