0.000000000000000000e+00 1.264553095734059860e-03
5.000000000000000278e-02 8.950779043142865219e-04
1.000000000000000056e-01 5.033714138492409278e-03
1.500000000000000222e-01 1.120497345924915435e-02
2.000000000000000111e-01 4.630767473219154357e-02
2.500000000000000000e-01 7.767926235733466078e-02
3.000000000000000444e-01 2.166210173133277239e-01
3.500000000000000333e-01 2.169976106600508270e-01
4.000000000000000222e-01 1.618932780570123409e-01
4.500000000000000111e-01 1.011271521536992873e-01
5.000000000000000000e-01 8.802800297521880257e-02
5.500000000000000444e-01 2.508587579113695162e-02
6.000000000000000888e-01 2.123539963776814934e-02
6.500000000000000222e-01 1.061234247544376279e-02
7.000000000000000666e-01 3.265254990492415070e-03
7.500000000000000000e-01 4.429296175008340386e-03
8.000000000000000444e-01 2.769004940393183069e-04
8.500000000000000888e-01 6.885482538457993965e-04
9.000000000000000222e-01 1.692724122396384746e-03
9.500000000000000666e-01 0.000000000000000000e+00
1.000000000000000000e+00 0.000000000000000000e+00
1.050000000000000044e+00 8.140913971644667558e-04
1.100000000000000089e+00 1.499000568474174316e-03
1.150000000000000133e+00 5.899575803741609510e-04
1.200000000000000178e+00 0.000000000000000000e+00
1.250000000000000000e+00 6.652101753612186651e-04
1.300000000000000044e+00 0.000000000000000000e+00
1.350000000000000089e+00 2.734212000126579490e-04
1.400000000000000133e+00 0.000000000000000000e+00
1.450000000000000178e+00 0.000000000000000000e+00
1.500000000000000000e+00 4.933813251458586810e-04
1.550000000000000044e+00 4.150114233005533157e-04
1.600000000000000089e+00 0.000000000000000000e+00
1.650000000000000133e+00 0.000000000000000000e+00
1.700000000000000178e+00 3.574699532168147415e-04
1.750000000000000000e+00 0.000000000000000000e+00
1.800000000000000044e+00 0.000000000000000000e+00
1.850000000000000089e+00 4.825997297182614619e-04
1.900000000000000133e+00 0.000000000000000000e+00
1.950000000000000178e+00 0.000000000000000000e+00
2.000000000000000000e+00 0.000000000000000000e+00
2.050000000000000266e+00 0.000000000000000000e+00
2.100000000000000089e+00 0.000000000000000000e+00
2.149999999999999911e+00 0.000000000000000000e+00
2.200000000000000178e+00 0.000000000000000000e+00
2.250000000000000000e+00 0.000000000000000000e+00
2.300000000000000266e+00 0.000000000000000000e+00
2.350000000000000089e+00 0.000000000000000000e+00
2.400000000000000355e+00 0.000000000000000000e+00
2.450000000000000178e+00 0.000000000000000000e+00
2.500000000000000000e+00 0.000000000000000000e+00
2.550000000000000266e+00 0.000000000000000000e+00
2.600000000000000089e+00 0.000000000000000000e+00
2.650000000000000355e+00 0.000000000000000000e+00
2.700000000000000178e+00 0.000000000000000000e+00
2.750000000000000000e+00 0.000000000000000000e+00
2.800000000000000266e+00 0.000000000000000000e+00
2.850000000000000089e+00 0.000000000000000000e+00
2.900000000000000355e+00 0.000000000000000000e+00
2.950000000000000178e+00 0.000000000000000000e+00
3.000000000000000000e+00 0.000000000000000000e+00
3.050000000000000266e+00 0.000000000000000000e+00
3.100000000000000089e+00 0.000000000000000000e+00
3.150000000000000355e+00 0.000000000000000000e+00
3.200000000000000178e+00 0.000000000000000000e+00
3.250000000000000000e+00 0.000000000000000000e+00
3.300000000000000266e+00 1.297763278396545789e-04
3.350000000000000089e+00 0.000000000000000000e+00
3.400000000000000355e+00 0.000000000000000000e+00
3.450000000000000178e+00 0.000000000000000000e+00
3.500000000000000000e+00 0.000000000000000000e+00
3.550000000000000266e+00 2.787852223996772688e-04
3.600000000000000089e+00 0.000000000000000000e+00
3.650000000000000355e+00 0.000000000000000000e+00
3.700000000000000178e+00 0.000000000000000000e+00
3.750000000000000000e+00 0.000000000000000000e+00
3.800000000000000266e+00 0.000000000000000000e+00
3.850000000000000089e+00 2.655779495895049780e-04
3.900000000000000355e+00 0.000000000000000000e+00
3.950000000000000178e+00 0.000000000000000000e+00
4.000000000000000000e+00 0.000000000000000000e+00
4.049999999999999822e+00 0.000000000000000000e+00
4.100000000000000533e+00 0.000000000000000000e+00
4.150000000000000355e+00 0.000000000000000000e+00
4.200000000000000178e+00 0.000000000000000000e+00
4.250000000000000000e+00 0.000000000000000000e+00
4.299999999999999822e+00 0.000000000000000000e+00
4.350000000000000533e+00 0.000000000000000000e+00
4.400000000000000355e+00 0.000000000000000000e+00
4.450000000000000178e+00 0.000000000000000000e+00
4.500000000000000000e+00 0.000000000000000000e+00
4.549999999999999822e+00 0.000000000000000000e+00
4.600000000000000533e+00 0.000000000000000000e+00
4.650000000000000355e+00 0.000000000000000000e+00
4.700000000000000178e+00 0.000000000000000000e+00
4.750000000000000000e+00 0.000000000000000000e+00
4.800000000000000711e+00 0.000000000000000000e+00
4.850000000000000533e+00 0.000000000000000000e+00
4.900000000000000355e+00 0.000000000000000000e+00
4.950000000000000178e+00 0.000000000000000000e+00
5.000000000000000000e+00 0.000000000000000000e+00
5.050000000000000711e+00 0.000000000000000000e+00
5.100000000000000533e+00 0.000000000000000000e+00
5.150000000000000355e+00 0.000000000000000000e+00
5.200000000000000178e+00 0.000000000000000000e+00
5.250000000000000000e+00 0.000000000000000000e+00
5.300000000000000711e+00 0.000000000000000000e+00
5.350000000000000533e+00 0.000000000000000000e+00
5.400000000000000355e+00 0.000000000000000000e+00
5.450000000000000178e+00 0.000000000000000000e+00
5.500000000000000000e+00 0.000000000000000000e+00
5.550000000000000711e+00 0.000000000000000000e+00
5.600000000000000533e+00 0.000000000000000000e+00
5.650000000000000355e+00 0.000000000000000000e+00
5.700000000000000178e+00 0.000000000000000000e+00
5.750000000000000000e+00 0.000000000000000000e+00
5.800000000000000711e+00 0.000000000000000000e+00
5.850000000000000533e+00 0.000000000000000000e+00
5.900000000000000355e+00 0.000000000000000000e+00
5.950000000000000178e+00 0.000000000000000000e+00
