0.000000000000000000e+00 1.141869318897741764e-03
5.000000000000000278e-02 6.941364615869610732e-04
1.000000000000000056e-01 4.108782929041735962e-03
1.500000000000000222e-01 9.390041857057525657e-03
2.000000000000000111e-01 2.279028094111962277e-02
2.500000000000000000e-01 2.864842210267914621e-02
3.000000000000000444e-01 5.491151355925604632e-02
3.500000000000000333e-01 4.858292180687513728e-02
4.000000000000000222e-01 5.316255745704241698e-02
4.500000000000000111e-01 8.746311306610342340e-02
5.000000000000000000e-01 1.734442444446924192e-01
5.500000000000000444e-01 1.322726731493492902e-01
6.000000000000000888e-01 1.547240155479807922e-01
6.500000000000000222e-01 1.321041190315134228e-01
7.000000000000000666e-01 5.036740082757928949e-02
7.500000000000000000e-01 1.553007706099669011e-02
8.000000000000000444e-01 6.966740910696819951e-03
8.500000000000000888e-01 6.880166058809958698e-03
9.000000000000000222e-01 1.106701968954815554e-03
9.500000000000000666e-01 1.915263254773217011e-03
1.000000000000000000e+00 3.074291788538265329e-03
1.050000000000000044e+00 1.418074769047382704e-03
1.100000000000000089e+00 2.115672812987124101e-03
1.150000000000000133e+00 2.158701617401073258e-03
1.200000000000000178e+00 1.205909637324276704e-03
1.250000000000000000e+00 6.067683323152332081e-04
1.300000000000000044e+00 7.485134115625754906e-04
1.350000000000000089e+00 5.012688287100607780e-04
1.400000000000000133e+00 1.699914095284159863e-04
1.450000000000000178e+00 0.000000000000000000e+00
1.500000000000000000e+00 4.247213589251347052e-04
1.550000000000000044e+00 0.000000000000000000e+00
1.600000000000000089e+00 0.000000000000000000e+00
1.650000000000000133e+00 0.000000000000000000e+00
1.700000000000000178e+00 3.263038900516707216e-04
1.750000000000000000e+00 0.000000000000000000e+00
1.800000000000000044e+00 0.000000000000000000e+00
1.850000000000000089e+00 1.615084001205819978e-04
1.900000000000000133e+00 0.000000000000000000e+00
1.950000000000000178e+00 0.000000000000000000e+00
2.000000000000000000e+00 1.129321337594005036e-05
2.050000000000000266e+00 1.840633022214460462e-04
2.100000000000000089e+00 0.000000000000000000e+00
2.149999999999999911e+00 0.000000000000000000e+00
2.200000000000000178e+00 3.596759742814207325e-04
2.250000000000000000e+00 0.000000000000000000e+00
2.300000000000000266e+00 0.000000000000000000e+00
2.350000000000000089e+00 9.051071914248725822e-05
2.400000000000000355e+00 1.234744266463904078e-04
2.450000000000000178e+00 1.723934400338781987e-05
2.500000000000000000e+00 1.977579154658215413e-04
2.550000000000000266e+00 0.000000000000000000e+00
2.600000000000000089e+00 0.000000000000000000e+00
2.650000000000000355e+00 2.298789910173453454e-04
2.700000000000000178e+00 0.000000000000000000e+00
2.750000000000000000e+00 0.000000000000000000e+00
2.800000000000000266e+00 3.864562964128708390e-04
2.850000000000000089e+00 0.000000000000000000e+00
2.900000000000000355e+00 3.652271383194806030e-05
2.950000000000000178e+00 0.000000000000000000e+00
3.000000000000000000e+00 0.000000000000000000e+00
3.050000000000000266e+00 0.000000000000000000e+00
3.100000000000000089e+00 0.000000000000000000e+00
3.150000000000000355e+00 0.000000000000000000e+00
3.200000000000000178e+00 0.000000000000000000e+00
3.250000000000000000e+00 3.401667907350802060e-04
3.300000000000000266e+00 0.000000000000000000e+00
3.350000000000000089e+00 0.000000000000000000e+00
3.400000000000000355e+00 0.000000000000000000e+00
3.450000000000000178e+00 2.205246871994353142e-04
3.500000000000000000e+00 0.000000000000000000e+00
3.550000000000000266e+00 1.384708725881397318e-04
3.600000000000000089e+00 0.000000000000000000e+00
3.650000000000000355e+00 0.000000000000000000e+00
3.700000000000000178e+00 0.000000000000000000e+00
3.750000000000000000e+00 0.000000000000000000e+00
3.800000000000000266e+00 0.000000000000000000e+00
3.850000000000000089e+00 0.000000000000000000e+00
3.900000000000000355e+00 0.000000000000000000e+00
3.950000000000000178e+00 0.000000000000000000e+00
4.000000000000000000e+00 0.000000000000000000e+00
4.049999999999999822e+00 0.000000000000000000e+00
4.100000000000000533e+00 0.000000000000000000e+00
4.150000000000000355e+00 0.000000000000000000e+00
4.200000000000000178e+00 0.000000000000000000e+00
4.250000000000000000e+00 0.000000000000000000e+00
4.299999999999999822e+00 0.000000000000000000e+00
4.350000000000000533e+00 0.000000000000000000e+00
4.400000000000000355e+00 0.000000000000000000e+00
4.450000000000000178e+00 0.000000000000000000e+00
4.500000000000000000e+00 0.000000000000000000e+00
4.549999999999999822e+00 0.000000000000000000e+00
4.600000000000000533e+00 0.000000000000000000e+00
4.650000000000000355e+00 0.000000000000000000e+00
4.700000000000000178e+00 0.000000000000000000e+00
4.750000000000000000e+00 0.000000000000000000e+00
4.800000000000000711e+00 0.000000000000000000e+00
4.850000000000000533e+00 0.000000000000000000e+00
4.900000000000000355e+00 0.000000000000000000e+00
4.950000000000000178e+00 0.000000000000000000e+00
5.000000000000000000e+00 0.000000000000000000e+00
5.050000000000000711e+00 0.000000000000000000e+00
5.100000000000000533e+00 0.000000000000000000e+00
5.150000000000000355e+00 0.000000000000000000e+00
5.200000000000000178e+00 0.000000000000000000e+00
5.250000000000000000e+00 0.000000000000000000e+00
5.300000000000000711e+00 0.000000000000000000e+00
5.350000000000000533e+00 0.000000000000000000e+00
5.400000000000000355e+00 0.000000000000000000e+00
5.450000000000000178e+00 0.000000000000000000e+00
5.500000000000000000e+00 0.000000000000000000e+00
5.550000000000000711e+00 0.000000000000000000e+00
5.600000000000000533e+00 0.000000000000000000e+00
5.650000000000000355e+00 0.000000000000000000e+00
5.700000000000000178e+00 0.000000000000000000e+00
5.750000000000000000e+00 0.000000000000000000e+00
5.800000000000000711e+00 0.000000000000000000e+00
5.850000000000000533e+00 0.000000000000000000e+00
5.900000000000000355e+00 0.000000000000000000e+00
5.950000000000000178e+00 0.000000000000000000e+00
