0.000000000000000000e+00 3.143978499230631407e-04
5.000000000000000278e-02 4.151384452286248101e-04
1.000000000000000056e-01 3.756694929094988320e-04
1.500000000000000222e-01 1.049458074142775978e-03
2.000000000000000111e-01 2.908855079346684726e-03
2.500000000000000000e-01 1.448831039853358061e-03
3.000000000000000444e-01 4.502055735879906088e-03
3.500000000000000333e-01 1.347570533607764286e-03
4.000000000000000222e-01 2.249718302689959846e-03
4.500000000000000111e-01 3.620991526860822818e-03
5.000000000000000000e-01 9.518008237056277063e-03
5.500000000000000444e-01 2.136614019072351905e-02
6.000000000000000888e-01 6.367124220331811524e-02
6.500000000000000222e-01 1.740818026954895070e-01
7.000000000000000666e-01 2.127319185468567186e-01
7.500000000000000000e-01 1.402685025334318714e-01
8.000000000000000444e-01 1.171205528976468763e-01
8.500000000000000888e-01 1.150203396903049513e-01
9.000000000000000222e-01 4.405899907411590238e-02
9.500000000000000666e-01 3.313921877169002939e-02
1.000000000000000000e+00 1.629353686817032465e-02
1.050000000000000044e+00 6.237602790414590627e-03
1.100000000000000089e+00 8.136920379561088032e-03
1.150000000000000133e+00 5.852931005313772445e-03
1.200000000000000178e+00 7.711333910439742596e-03
1.250000000000000000e+00 2.213006972926251717e-03
1.300000000000000044e+00 2.230695959598020389e-03
1.350000000000000089e+00 1.862954324572087521e-03
1.400000000000000133e+00 6.632207350399688421e-04
1.450000000000000178e+00 1.254242287601811375e-04
1.500000000000000000e+00 2.268232265323987624e-04
1.550000000000000044e+00 0.000000000000000000e+00
1.600000000000000089e+00 0.000000000000000000e+00
1.650000000000000133e+00 0.000000000000000000e+00
1.700000000000000178e+00 9.205866500676190226e-05
1.750000000000000000e+00 3.931895927821474980e-05
1.800000000000000044e+00 1.139440746434293011e-04
1.850000000000000089e+00 5.541745465810801437e-04
1.900000000000000133e+00 2.118795550639603119e-04
1.950000000000000178e+00 2.524641798586730267e-04
2.000000000000000000e+00 0.000000000000000000e+00
2.050000000000000266e+00 0.000000000000000000e+00
2.100000000000000089e+00 0.000000000000000000e+00
2.149999999999999911e+00 3.119828157152496149e-05
2.200000000000000178e+00 4.259084946156340562e-04
2.250000000000000000e+00 0.000000000000000000e+00
2.300000000000000266e+00 0.000000000000000000e+00
2.350000000000000089e+00 0.000000000000000000e+00
2.400000000000000355e+00 1.961641411771963448e-04
2.450000000000000178e+00 0.000000000000000000e+00
2.500000000000000000e+00 0.000000000000000000e+00
2.550000000000000266e+00 8.408630540457866882e-05
2.600000000000000089e+00 0.000000000000000000e+00
2.650000000000000355e+00 0.000000000000000000e+00
2.700000000000000178e+00 0.000000000000000000e+00
2.750000000000000000e+00 0.000000000000000000e+00
2.800000000000000266e+00 0.000000000000000000e+00
2.850000000000000089e+00 0.000000000000000000e+00
2.900000000000000355e+00 0.000000000000000000e+00
2.950000000000000178e+00 0.000000000000000000e+00
3.000000000000000000e+00 9.846249107626798159e-05
3.050000000000000266e+00 0.000000000000000000e+00
3.100000000000000089e+00 0.000000000000000000e+00
3.150000000000000355e+00 0.000000000000000000e+00
3.200000000000000178e+00 0.000000000000000000e+00
3.250000000000000000e+00 0.000000000000000000e+00
3.300000000000000266e+00 0.000000000000000000e+00
3.350000000000000089e+00 0.000000000000000000e+00
3.400000000000000355e+00 0.000000000000000000e+00
3.450000000000000178e+00 0.000000000000000000e+00
3.500000000000000000e+00 0.000000000000000000e+00
3.550000000000000266e+00 0.000000000000000000e+00
3.600000000000000089e+00 0.000000000000000000e+00
3.650000000000000355e+00 0.000000000000000000e+00
3.700000000000000178e+00 0.000000000000000000e+00
3.750000000000000000e+00 0.000000000000000000e+00
3.800000000000000266e+00 0.000000000000000000e+00
3.850000000000000089e+00 0.000000000000000000e+00
3.900000000000000355e+00 0.000000000000000000e+00
3.950000000000000178e+00 0.000000000000000000e+00
4.000000000000000000e+00 0.000000000000000000e+00
4.049999999999999822e+00 0.000000000000000000e+00
4.100000000000000533e+00 0.000000000000000000e+00
4.150000000000000355e+00 0.000000000000000000e+00
4.200000000000000178e+00 0.000000000000000000e+00
4.250000000000000000e+00 0.000000000000000000e+00
4.299999999999999822e+00 0.000000000000000000e+00
4.350000000000000533e+00 0.000000000000000000e+00
4.400000000000000355e+00 0.000000000000000000e+00
4.450000000000000178e+00 0.000000000000000000e+00
4.500000000000000000e+00 0.000000000000000000e+00
4.549999999999999822e+00 0.000000000000000000e+00
4.600000000000000533e+00 0.000000000000000000e+00
4.650000000000000355e+00 0.000000000000000000e+00
4.700000000000000178e+00 0.000000000000000000e+00
4.750000000000000000e+00 0.000000000000000000e+00
4.800000000000000711e+00 0.000000000000000000e+00
4.850000000000000533e+00 0.000000000000000000e+00
4.900000000000000355e+00 0.000000000000000000e+00
4.950000000000000178e+00 0.000000000000000000e+00
5.000000000000000000e+00 0.000000000000000000e+00
5.050000000000000711e+00 0.000000000000000000e+00
5.100000000000000533e+00 0.000000000000000000e+00
5.150000000000000355e+00 0.000000000000000000e+00
5.200000000000000178e+00 0.000000000000000000e+00
5.250000000000000000e+00 0.000000000000000000e+00
5.300000000000000711e+00 0.000000000000000000e+00
5.350000000000000533e+00 0.000000000000000000e+00
5.400000000000000355e+00 0.000000000000000000e+00
5.450000000000000178e+00 0.000000000000000000e+00
5.500000000000000000e+00 0.000000000000000000e+00
5.550000000000000711e+00 0.000000000000000000e+00
5.600000000000000533e+00 0.000000000000000000e+00
5.650000000000000355e+00 0.000000000000000000e+00
5.700000000000000178e+00 0.000000000000000000e+00
5.750000000000000000e+00 0.000000000000000000e+00
5.800000000000000711e+00 0.000000000000000000e+00
5.850000000000000533e+00 0.000000000000000000e+00
5.900000000000000355e+00 0.000000000000000000e+00
5.950000000000000178e+00 0.000000000000000000e+00
