0.000000000000000000e+00 0.000000000000000000e+00
5.000000000000000278e-02 9.314090756515791981e-05
1.000000000000000056e-01 7.536610102214219955e-04
1.500000000000000222e-01 4.215719260229867861e-04
2.000000000000000111e-01 6.108377114914804572e-04
2.500000000000000000e-01 1.268760404635865683e-03
3.000000000000000444e-01 3.229061531241645376e-03
3.500000000000000333e-01 1.582603641204599534e-03
4.000000000000000222e-01 2.421916095251813034e-03
4.500000000000000111e-01 3.872808299053997864e-03
5.000000000000000000e-01 5.036854188627130739e-03
5.500000000000000444e-01 9.986733053440308844e-03
6.000000000000000888e-01 2.523914656948099758e-02
6.500000000000000222e-01 4.525990419719520125e-02
7.000000000000000666e-01 7.781374003380293891e-02
7.500000000000000000e-01 7.125567207579536211e-02
8.000000000000000444e-01 9.340534347228943157e-02
8.500000000000000888e-01 1.416961164136165408e-01
9.000000000000000222e-01 8.992214685188842926e-02
9.500000000000000666e-01 9.595810679770290508e-02
1.000000000000000000e+00 9.305263865384448552e-02
1.050000000000000044e+00 4.634657819409864626e-02
1.100000000000000089e+00 4.682317368661734897e-02
1.150000000000000133e+00 3.675331298928587870e-02
1.200000000000000178e+00 3.951857910118409395e-02
1.250000000000000000e+00 2.352258657522553892e-02
1.300000000000000044e+00 1.552304625652344353e-02
1.350000000000000089e+00 1.484379264690611350e-02
1.400000000000000133e+00 7.079333966976788725e-03
1.450000000000000178e+00 2.379204564744500077e-03
1.500000000000000000e+00 1.260686251527895528e-03
1.550000000000000044e+00 1.613150954212582257e-04
1.600000000000000089e+00 6.827663351218075981e-04
1.650000000000000133e+00 6.468375197819153585e-04
1.700000000000000178e+00 3.620659431978148920e-04
1.750000000000000000e+00 6.139557535405974461e-04
1.800000000000000044e+00 7.371365954689496460e-04
1.850000000000000089e+00 5.785365514314123825e-07
1.900000000000000133e+00 1.443049034257838821e-03
1.950000000000000178e+00 4.256088040148005465e-04
2.000000000000000000e+00 1.225629285273978049e-03
2.050000000000000266e+00 6.346459514735139969e-04
2.100000000000000089e+00 1.178398272380491198e-04
2.149999999999999911e+00 8.227759952229690406e-05
2.200000000000000178e+00 7.398430608394227848e-05
2.250000000000000000e+00 3.161998965411569871e-04
2.300000000000000266e+00 4.518932769246809724e-04
2.350000000000000089e+00 4.207706693234656415e-05
2.400000000000000355e+00 3.706717900519713158e-04
2.450000000000000178e+00 4.822492409531438005e-05
2.500000000000000000e+00 3.094524051947682778e-06
2.550000000000000266e+00 2.966572620542411837e-04
2.600000000000000089e+00 1.488672190725556728e-06
2.650000000000000355e+00 6.817017424260307526e-04
2.700000000000000178e+00 2.059781816187820783e-04
2.750000000000000000e+00 9.616154462164373809e-08
2.800000000000000266e+00 3.671623852887652672e-06
2.850000000000000089e+00 0.000000000000000000e+00
2.900000000000000355e+00 0.000000000000000000e+00
2.950000000000000178e+00 0.000000000000000000e+00
3.000000000000000000e+00 0.000000000000000000e+00
3.050000000000000266e+00 0.000000000000000000e+00
3.100000000000000089e+00 0.000000000000000000e+00
3.150000000000000355e+00 0.000000000000000000e+00
3.200000000000000178e+00 0.000000000000000000e+00
3.250000000000000000e+00 7.792645567815216227e-06
3.300000000000000266e+00 0.000000000000000000e+00
3.350000000000000089e+00 0.000000000000000000e+00
3.400000000000000355e+00 0.000000000000000000e+00
3.450000000000000178e+00 0.000000000000000000e+00
3.500000000000000000e+00 0.000000000000000000e+00
3.550000000000000266e+00 0.000000000000000000e+00
3.600000000000000089e+00 0.000000000000000000e+00
3.650000000000000355e+00 0.000000000000000000e+00
3.700000000000000178e+00 0.000000000000000000e+00
3.750000000000000000e+00 0.000000000000000000e+00
3.800000000000000266e+00 0.000000000000000000e+00
3.850000000000000089e+00 0.000000000000000000e+00
3.900000000000000355e+00 0.000000000000000000e+00
3.950000000000000178e+00 0.000000000000000000e+00
4.000000000000000000e+00 0.000000000000000000e+00
4.049999999999999822e+00 0.000000000000000000e+00
4.100000000000000533e+00 0.000000000000000000e+00
4.150000000000000355e+00 0.000000000000000000e+00
4.200000000000000178e+00 0.000000000000000000e+00
4.250000000000000000e+00 0.000000000000000000e+00
4.299999999999999822e+00 0.000000000000000000e+00
4.350000000000000533e+00 0.000000000000000000e+00
4.400000000000000355e+00 0.000000000000000000e+00
4.450000000000000178e+00 0.000000000000000000e+00
4.500000000000000000e+00 1.373476460449276899e-04
4.549999999999999822e+00 0.000000000000000000e+00
4.600000000000000533e+00 0.000000000000000000e+00
4.650000000000000355e+00 0.000000000000000000e+00
4.700000000000000178e+00 0.000000000000000000e+00
4.750000000000000000e+00 0.000000000000000000e+00
4.800000000000000711e+00 0.000000000000000000e+00
4.850000000000000533e+00 0.000000000000000000e+00
4.900000000000000355e+00 0.000000000000000000e+00
4.950000000000000178e+00 0.000000000000000000e+00
5.000000000000000000e+00 0.000000000000000000e+00
5.050000000000000711e+00 0.000000000000000000e+00
5.100000000000000533e+00 0.000000000000000000e+00
5.150000000000000355e+00 0.000000000000000000e+00
5.200000000000000178e+00 0.000000000000000000e+00
5.250000000000000000e+00 0.000000000000000000e+00
5.300000000000000711e+00 0.000000000000000000e+00
5.350000000000000533e+00 0.000000000000000000e+00
5.400000000000000355e+00 0.000000000000000000e+00
5.450000000000000178e+00 0.000000000000000000e+00
5.500000000000000000e+00 0.000000000000000000e+00
5.550000000000000711e+00 0.000000000000000000e+00
5.600000000000000533e+00 0.000000000000000000e+00
5.650000000000000355e+00 0.000000000000000000e+00
5.700000000000000178e+00 0.000000000000000000e+00
5.750000000000000000e+00 0.000000000000000000e+00
5.800000000000000711e+00 0.000000000000000000e+00
5.850000000000000533e+00 0.000000000000000000e+00
5.900000000000000355e+00 0.000000000000000000e+00
5.950000000000000178e+00 0.000000000000000000e+00
