0.000000000000000000e+00 1.084030993886404750e-03
5.000000000000000278e-02 7.261016484837167504e-04
1.000000000000000056e-01 4.083461534605660991e-03
1.500000000000000222e-01 1.009974198382541932e-02
2.000000000000000111e-01 2.165118723520503483e-02
2.500000000000000000e-01 2.848629837089772243e-02
3.000000000000000444e-01 5.278295109371980431e-02
3.500000000000000333e-01 4.534262940764363647e-02
4.000000000000000222e-01 5.278367533371201847e-02
4.500000000000000111e-01 8.319518916304885492e-02
5.000000000000000000e-01 1.650853365118181981e-01
5.500000000000000444e-01 1.304118890559136101e-01
6.000000000000000888e-01 1.570132427017882637e-01
6.500000000000000222e-01 1.349191080823737565e-01
7.000000000000000666e-01 5.490094654755273140e-02
7.500000000000000000e-01 1.883399109531809848e-02
8.000000000000000444e-01 8.404730089748294747e-03
8.500000000000000888e-01 7.934826713073814264e-03
9.000000000000000222e-01 1.417168480825538573e-03
9.500000000000000666e-01 2.453835674541403767e-03
1.000000000000000000e+00 4.085667851375763583e-03
1.050000000000000044e+00 1.806504685439908834e-03
1.100000000000000089e+00 2.777928301252292030e-03
1.150000000000000133e+00 2.451188170586068252e-03
1.200000000000000178e+00 1.395446356774315225e-03
1.250000000000000000e+00 7.742703615006589143e-04
1.300000000000000044e+00 9.306714118412773296e-04
1.350000000000000089e+00 7.052793582578365450e-04
1.400000000000000133e+00 2.054322709918328361e-04
1.450000000000000178e+00 0.000000000000000000e+00
1.500000000000000000e+00 5.373800565944837192e-04
1.550000000000000044e+00 0.000000000000000000e+00
1.600000000000000089e+00 0.000000000000000000e+00
1.650000000000000133e+00 0.000000000000000000e+00
1.700000000000000178e+00 3.296037964840641769e-04
1.750000000000000000e+00 0.000000000000000000e+00
1.800000000000000044e+00 0.000000000000000000e+00
1.850000000000000089e+00 1.896332130315785483e-04
1.900000000000000133e+00 0.000000000000000000e+00
1.950000000000000178e+00 0.000000000000000000e+00
2.000000000000000000e+00 2.151690137964404299e-05
2.050000000000000266e+00 2.898679152299542369e-04
2.100000000000000089e+00 0.000000000000000000e+00
2.149999999999999911e+00 0.000000000000000000e+00
2.200000000000000178e+00 3.628876354393740762e-04
2.250000000000000000e+00 0.000000000000000000e+00
2.300000000000000266e+00 0.000000000000000000e+00
2.350000000000000089e+00 1.118922413367729591e-04
2.400000000000000355e+00 1.678234972036114759e-04
2.450000000000000178e+00 3.110853696083561897e-05
2.500000000000000000e+00 2.910101039491470539e-04
2.550000000000000266e+00 0.000000000000000000e+00
2.600000000000000089e+00 0.000000000000000000e+00
2.650000000000000355e+00 3.077840118767790939e-04
2.700000000000000178e+00 0.000000000000000000e+00
2.750000000000000000e+00 0.000000000000000000e+00
2.800000000000000266e+00 3.525784544650263598e-04
2.850000000000000089e+00 0.000000000000000000e+00
2.900000000000000355e+00 4.684394390608852970e-05
2.950000000000000178e+00 0.000000000000000000e+00
3.000000000000000000e+00 1.535608132371261460e-04
3.050000000000000266e+00 0.000000000000000000e+00
3.100000000000000089e+00 0.000000000000000000e+00
3.150000000000000355e+00 0.000000000000000000e+00
3.200000000000000178e+00 0.000000000000000000e+00
3.250000000000000000e+00 3.604178578038916953e-04
3.300000000000000266e+00 0.000000000000000000e+00
3.350000000000000089e+00 0.000000000000000000e+00
3.400000000000000355e+00 0.000000000000000000e+00
3.450000000000000178e+00 2.020664217883869182e-04
3.500000000000000000e+00 0.000000000000000000e+00
3.550000000000000266e+00 1.313628254199802436e-04
3.600000000000000089e+00 0.000000000000000000e+00
3.650000000000000355e+00 0.000000000000000000e+00
3.700000000000000178e+00 0.000000000000000000e+00
3.750000000000000000e+00 0.000000000000000000e+00
3.800000000000000266e+00 0.000000000000000000e+00
3.850000000000000089e+00 0.000000000000000000e+00
3.900000000000000355e+00 0.000000000000000000e+00
3.950000000000000178e+00 0.000000000000000000e+00
4.000000000000000000e+00 0.000000000000000000e+00
4.049999999999999822e+00 0.000000000000000000e+00
4.100000000000000533e+00 0.000000000000000000e+00
4.150000000000000355e+00 0.000000000000000000e+00
4.200000000000000178e+00 0.000000000000000000e+00
4.250000000000000000e+00 0.000000000000000000e+00
4.299999999999999822e+00 0.000000000000000000e+00
4.350000000000000533e+00 0.000000000000000000e+00
4.400000000000000355e+00 0.000000000000000000e+00
4.450000000000000178e+00 0.000000000000000000e+00
4.500000000000000000e+00 0.000000000000000000e+00
4.549999999999999822e+00 0.000000000000000000e+00
4.600000000000000533e+00 0.000000000000000000e+00
4.650000000000000355e+00 0.000000000000000000e+00
4.700000000000000178e+00 0.000000000000000000e+00
4.750000000000000000e+00 0.000000000000000000e+00
4.800000000000000711e+00 0.000000000000000000e+00
4.850000000000000533e+00 0.000000000000000000e+00
4.900000000000000355e+00 0.000000000000000000e+00
4.950000000000000178e+00 0.000000000000000000e+00
5.000000000000000000e+00 0.000000000000000000e+00
5.050000000000000711e+00 0.000000000000000000e+00
5.100000000000000533e+00 0.000000000000000000e+00
5.150000000000000355e+00 0.000000000000000000e+00
5.200000000000000178e+00 0.000000000000000000e+00
5.250000000000000000e+00 0.000000000000000000e+00
5.300000000000000711e+00 0.000000000000000000e+00
5.350000000000000533e+00 0.000000000000000000e+00
5.400000000000000355e+00 0.000000000000000000e+00
5.450000000000000178e+00 0.000000000000000000e+00
5.500000000000000000e+00 0.000000000000000000e+00
5.550000000000000711e+00 0.000000000000000000e+00
5.600000000000000533e+00 0.000000000000000000e+00
5.650000000000000355e+00 0.000000000000000000e+00
5.700000000000000178e+00 0.000000000000000000e+00
5.750000000000000000e+00 0.000000000000000000e+00
5.800000000000000711e+00 0.000000000000000000e+00
5.850000000000000533e+00 0.000000000000000000e+00
5.900000000000000355e+00 0.000000000000000000e+00
5.950000000000000178e+00 0.000000000000000000e+00
