0.000000000000000000e+00 0.000000000000000000e+00
5.000000000000000278e-02 1.591597606024394013e-04
1.000000000000000056e-01 7.570230411989396649e-04
1.500000000000000222e-01 3.485036805425667517e-04
2.000000000000000111e-01 6.296995054747640992e-04
2.500000000000000000e-01 1.269965074951539619e-03
3.000000000000000444e-01 2.263501869958202493e-03
3.500000000000000333e-01 1.557526301925843317e-03
4.000000000000000222e-01 2.032992622159056004e-03
4.500000000000000111e-01 2.231439313683401728e-03
5.000000000000000000e-01 4.193153820129707880e-03
5.500000000000000444e-01 7.305052291162610761e-03
6.000000000000000888e-01 1.935416459437283229e-02
6.500000000000000222e-01 3.516811013808042452e-02
7.000000000000000666e-01 6.547797079364138517e-02
7.500000000000000000e-01 6.374539761379169334e-02
8.000000000000000444e-01 8.747319917775345233e-02
8.500000000000000888e-01 1.311618589407741176e-01
9.000000000000000222e-01 9.003115131213751399e-02
9.500000000000000666e-01 1.007049783429867368e-01
1.000000000000000000e+00 1.012472534382482803e-01
1.050000000000000044e+00 5.242699789766811641e-02
1.100000000000000089e+00 5.294284712123065173e-02
1.150000000000000133e+00 4.162272281136719654e-02
1.200000000000000178e+00 4.769648924803886886e-02
1.250000000000000000e+00 2.828922083113021013e-02
1.300000000000000044e+00 1.898055571437042358e-02
1.350000000000000089e+00 1.836939058375691367e-02
1.400000000000000133e+00 8.188429327903867794e-03
1.450000000000000178e+00 2.909378112188515213e-03
1.500000000000000000e+00 1.466645006713226474e-03
1.550000000000000044e+00 2.105936649414159422e-04
1.600000000000000089e+00 7.848406995747464129e-04
1.650000000000000133e+00 6.605686179195985677e-04
1.700000000000000178e+00 3.847433034078379696e-04
1.750000000000000000e+00 6.536480842881677543e-04
1.800000000000000044e+00 8.833887220421208965e-04
1.850000000000000089e+00 5.190130928641773186e-06
1.900000000000000133e+00 1.524599289231287104e-03
1.950000000000000178e+00 4.017490767212250407e-04
2.000000000000000000e+00 1.324123616575942613e-03
2.050000000000000266e+00 8.022259724060489634e-04
2.100000000000000089e+00 1.723469548583008598e-04
2.149999999999999911e+00 1.436180310789931451e-04
2.200000000000000178e+00 1.149231482234060262e-04
2.250000000000000000e+00 4.371252616226455447e-04
2.300000000000000266e+00 5.315282094172145508e-04
2.350000000000000089e+00 6.685377490336295815e-05
2.400000000000000355e+00 4.935883968296694846e-04
2.450000000000000178e+00 5.759134225064734247e-05
2.500000000000000000e+00 1.160417135369900415e-05
2.550000000000000266e+00 2.958608631798977876e-04
2.600000000000000089e+00 1.891540421634266319e-05
2.650000000000000355e+00 7.984240157038651267e-04
2.700000000000000178e+00 2.368367378144100796e-04
2.750000000000000000e+00 3.435279929945433077e-06
2.800000000000000266e+00 4.531391790311888127e-06
2.850000000000000089e+00 0.000000000000000000e+00
2.900000000000000355e+00 0.000000000000000000e+00
2.950000000000000178e+00 0.000000000000000000e+00
3.000000000000000000e+00 0.000000000000000000e+00
3.050000000000000266e+00 0.000000000000000000e+00
3.100000000000000089e+00 0.000000000000000000e+00
3.150000000000000355e+00 0.000000000000000000e+00
3.200000000000000178e+00 0.000000000000000000e+00
3.250000000000000000e+00 1.593464225653562705e-05
3.300000000000000266e+00 0.000000000000000000e+00
3.350000000000000089e+00 0.000000000000000000e+00
3.400000000000000355e+00 0.000000000000000000e+00
3.450000000000000178e+00 0.000000000000000000e+00
3.500000000000000000e+00 0.000000000000000000e+00
3.550000000000000266e+00 0.000000000000000000e+00
3.600000000000000089e+00 0.000000000000000000e+00
3.650000000000000355e+00 0.000000000000000000e+00
3.700000000000000178e+00 0.000000000000000000e+00
3.750000000000000000e+00 0.000000000000000000e+00
3.800000000000000266e+00 0.000000000000000000e+00
3.850000000000000089e+00 0.000000000000000000e+00
3.900000000000000355e+00 0.000000000000000000e+00
3.950000000000000178e+00 0.000000000000000000e+00
4.000000000000000000e+00 0.000000000000000000e+00
4.049999999999999822e+00 0.000000000000000000e+00
4.100000000000000533e+00 0.000000000000000000e+00
4.150000000000000355e+00 0.000000000000000000e+00
4.200000000000000178e+00 0.000000000000000000e+00
4.250000000000000000e+00 0.000000000000000000e+00
4.299999999999999822e+00 0.000000000000000000e+00
4.350000000000000533e+00 0.000000000000000000e+00
4.400000000000000355e+00 0.000000000000000000e+00
4.450000000000000178e+00 0.000000000000000000e+00
4.500000000000000000e+00 1.355251556298297979e-04
4.549999999999999822e+00 0.000000000000000000e+00
4.600000000000000533e+00 0.000000000000000000e+00
4.650000000000000355e+00 0.000000000000000000e+00
4.700000000000000178e+00 0.000000000000000000e+00
4.750000000000000000e+00 0.000000000000000000e+00
4.800000000000000711e+00 0.000000000000000000e+00
4.850000000000000533e+00 0.000000000000000000e+00
4.900000000000000355e+00 0.000000000000000000e+00
4.950000000000000178e+00 0.000000000000000000e+00
5.000000000000000000e+00 0.000000000000000000e+00
5.050000000000000711e+00 0.000000000000000000e+00
5.100000000000000533e+00 0.000000000000000000e+00
5.150000000000000355e+00 0.000000000000000000e+00
5.200000000000000178e+00 0.000000000000000000e+00
5.250000000000000000e+00 0.000000000000000000e+00
5.300000000000000711e+00 0.000000000000000000e+00
5.350000000000000533e+00 0.000000000000000000e+00
5.400000000000000355e+00 0.000000000000000000e+00
5.450000000000000178e+00 0.000000000000000000e+00
5.500000000000000000e+00 0.000000000000000000e+00
5.550000000000000711e+00 0.000000000000000000e+00
5.600000000000000533e+00 0.000000000000000000e+00
5.650000000000000355e+00 0.000000000000000000e+00
5.700000000000000178e+00 0.000000000000000000e+00
5.750000000000000000e+00 0.000000000000000000e+00
5.800000000000000711e+00 0.000000000000000000e+00
5.850000000000000533e+00 0.000000000000000000e+00
5.900000000000000355e+00 0.000000000000000000e+00
5.950000000000000178e+00 0.000000000000000000e+00
