0.000000000000000000e+00 3.368665355994451762e-04
5.000000000000000278e-02 4.215372501831218181e-04
1.000000000000000056e-01 3.269740039207297928e-04
1.500000000000000222e-01 1.109891240049224858e-03
2.000000000000000111e-01 2.286774986936319226e-03
2.500000000000000000e-01 1.429248088869137243e-03
3.000000000000000444e-01 3.813663989563474688e-03
3.500000000000000333e-01 1.331176783830682322e-03
4.000000000000000222e-01 2.173689269222620676e-03
4.500000000000000111e-01 3.474078316840187568e-03
5.000000000000000000e-01 8.617471010237019377e-03
5.500000000000000444e-01 1.809373024928677756e-02
6.000000000000000888e-01 5.499382766551812879e-02
6.500000000000000222e-01 1.576636533117225791e-01
7.000000000000000666e-01 2.013199790300584102e-01
7.500000000000000000e-01 1.411616841671698153e-01
8.000000000000000444e-01 1.226629654633623334e-01
8.500000000000000888e-01 1.269813566782812542e-01
9.000000000000000222e-01 4.925706014854057402e-02
9.500000000000000666e-01 3.826984665542965125e-02
1.000000000000000000e+00 1.988406107757921190e-02
1.050000000000000044e+00 8.253153359002517869e-03
1.100000000000000089e+00 9.728404983150227420e-03
1.150000000000000133e+00 6.958511763363628075e-03
1.200000000000000178e+00 8.424152706849334996e-03
1.250000000000000000e+00 2.428329698872100286e-03
1.300000000000000044e+00 2.794481010541706965e-03
1.350000000000000089e+00 2.448580738176781967e-03
1.400000000000000133e+00 9.441869230389592473e-04
1.450000000000000178e+00 2.485649220335763346e-04
1.500000000000000000e+00 3.120678043421704160e-04
1.550000000000000044e+00 0.000000000000000000e+00
1.600000000000000089e+00 0.000000000000000000e+00
1.650000000000000133e+00 0.000000000000000000e+00
1.700000000000000178e+00 1.748535281540417562e-04
1.750000000000000000e+00 8.425008599637613216e-05
1.800000000000000044e+00 1.227909742639682019e-04
1.850000000000000089e+00 5.682435793612469798e-04
1.900000000000000133e+00 1.800275363400193019e-04
1.950000000000000178e+00 2.241396404995258025e-04
2.000000000000000000e+00 0.000000000000000000e+00
2.050000000000000266e+00 0.000000000000000000e+00
2.100000000000000089e+00 0.000000000000000000e+00
2.149999999999999911e+00 3.414574335108628482e-05
2.200000000000000178e+00 5.591057606363450958e-04
2.250000000000000000e+00 0.000000000000000000e+00
2.300000000000000266e+00 0.000000000000000000e+00
2.350000000000000089e+00 0.000000000000000000e+00
2.400000000000000355e+00 1.880309413566130490e-04
2.450000000000000178e+00 0.000000000000000000e+00
2.500000000000000000e+00 0.000000000000000000e+00
2.550000000000000266e+00 1.320357503908993122e-04
2.600000000000000089e+00 0.000000000000000000e+00
2.650000000000000355e+00 0.000000000000000000e+00
2.700000000000000178e+00 0.000000000000000000e+00
2.750000000000000000e+00 0.000000000000000000e+00
2.800000000000000266e+00 0.000000000000000000e+00
2.850000000000000089e+00 0.000000000000000000e+00
2.900000000000000355e+00 0.000000000000000000e+00
2.950000000000000178e+00 0.000000000000000000e+00
3.000000000000000000e+00 1.418567784157549413e-04
3.050000000000000266e+00 0.000000000000000000e+00
3.100000000000000089e+00 0.000000000000000000e+00
3.150000000000000355e+00 0.000000000000000000e+00
3.200000000000000178e+00 0.000000000000000000e+00
3.250000000000000000e+00 0.000000000000000000e+00
3.300000000000000266e+00 0.000000000000000000e+00
3.350000000000000089e+00 0.000000000000000000e+00
3.400000000000000355e+00 0.000000000000000000e+00
3.450000000000000178e+00 0.000000000000000000e+00
3.500000000000000000e+00 0.000000000000000000e+00
3.550000000000000266e+00 0.000000000000000000e+00
3.600000000000000089e+00 0.000000000000000000e+00
3.650000000000000355e+00 0.000000000000000000e+00
3.700000000000000178e+00 0.000000000000000000e+00
3.750000000000000000e+00 0.000000000000000000e+00
3.800000000000000266e+00 0.000000000000000000e+00
3.850000000000000089e+00 0.000000000000000000e+00
3.900000000000000355e+00 0.000000000000000000e+00
3.950000000000000178e+00 0.000000000000000000e+00
4.000000000000000000e+00 0.000000000000000000e+00
4.049999999999999822e+00 0.000000000000000000e+00
4.100000000000000533e+00 0.000000000000000000e+00
4.150000000000000355e+00 0.000000000000000000e+00
4.200000000000000178e+00 0.000000000000000000e+00
4.250000000000000000e+00 0.000000000000000000e+00
4.299999999999999822e+00 0.000000000000000000e+00
4.350000000000000533e+00 0.000000000000000000e+00
4.400000000000000355e+00 0.000000000000000000e+00
4.450000000000000178e+00 0.000000000000000000e+00
4.500000000000000000e+00 0.000000000000000000e+00
4.549999999999999822e+00 0.000000000000000000e+00
4.600000000000000533e+00 0.000000000000000000e+00
4.650000000000000355e+00 0.000000000000000000e+00
4.700000000000000178e+00 0.000000000000000000e+00
4.750000000000000000e+00 0.000000000000000000e+00
4.800000000000000711e+00 0.000000000000000000e+00
4.850000000000000533e+00 0.000000000000000000e+00
4.900000000000000355e+00 0.000000000000000000e+00
4.950000000000000178e+00 0.000000000000000000e+00
5.000000000000000000e+00 0.000000000000000000e+00
5.050000000000000711e+00 0.000000000000000000e+00
5.100000000000000533e+00 0.000000000000000000e+00
5.150000000000000355e+00 0.000000000000000000e+00
5.200000000000000178e+00 0.000000000000000000e+00
5.250000000000000000e+00 0.000000000000000000e+00
5.300000000000000711e+00 0.000000000000000000e+00
5.350000000000000533e+00 0.000000000000000000e+00
5.400000000000000355e+00 0.000000000000000000e+00
5.450000000000000178e+00 0.000000000000000000e+00
5.500000000000000000e+00 0.000000000000000000e+00
5.550000000000000711e+00 0.000000000000000000e+00
5.600000000000000533e+00 0.000000000000000000e+00
5.650000000000000355e+00 0.000000000000000000e+00
5.700000000000000178e+00 0.000000000000000000e+00
5.750000000000000000e+00 0.000000000000000000e+00
5.800000000000000711e+00 0.000000000000000000e+00
5.850000000000000533e+00 0.000000000000000000e+00
5.900000000000000355e+00 0.000000000000000000e+00
5.950000000000000178e+00 0.000000000000000000e+00
