0.000000000000000000e+00 1.103900267037789557e-03
5.000000000000000278e-02 6.784264011609472201e-04
1.000000000000000056e-01 4.053720531594897682e-03
1.500000000000000222e-01 9.946136035083199753e-03
2.000000000000000111e-01 2.171418121552625216e-02
2.500000000000000000e-01 2.853599482052850134e-02
3.000000000000000444e-01 5.321333918225648607e-02
3.500000000000000333e-01 4.567974893324951158e-02
4.000000000000000222e-01 5.267245578390912508e-02
4.500000000000000111e-01 8.496279453468130738e-02
5.000000000000000000e-01 1.672615331021212182e-01
5.500000000000000444e-01 1.315488533848387931e-01
6.000000000000000888e-01 1.566822320281788805e-01
6.500000000000000222e-01 1.341146807051264433e-01
7.000000000000000666e-01 5.349219676059446815e-02
7.500000000000000000e-01 1.802629949271664783e-02
8.000000000000000444e-01 8.065729743680270791e-03
8.500000000000000888e-01 7.666900237739996890e-03
9.000000000000000222e-01 1.390228328900499364e-03
9.500000000000000666e-01 2.237155306571244739e-03
1.000000000000000000e+00 3.819762574424216944e-03
1.050000000000000044e+00 1.748995514114165019e-03
1.100000000000000089e+00 2.519351202471039903e-03
1.150000000000000133e+00 2.273336104022421686e-03
1.200000000000000178e+00 1.303668773030957836e-03
1.250000000000000000e+00 6.579026177230184926e-04
1.300000000000000044e+00 8.428899153864001298e-04
1.350000000000000089e+00 6.941988506537682740e-04
1.400000000000000133e+00 2.090624778365687191e-04
1.450000000000000178e+00 0.000000000000000000e+00
1.500000000000000000e+00 5.121165901908783340e-04
1.550000000000000044e+00 0.000000000000000000e+00
1.600000000000000089e+00 0.000000000000000000e+00
1.650000000000000133e+00 0.000000000000000000e+00
1.700000000000000178e+00 3.366360978162338119e-04
1.750000000000000000e+00 0.000000000000000000e+00
1.800000000000000044e+00 0.000000000000000000e+00
1.850000000000000089e+00 1.915043064255909303e-04
1.900000000000000133e+00 0.000000000000000000e+00
1.950000000000000178e+00 0.000000000000000000e+00
2.000000000000000000e+00 1.376984085018309085e-05
2.050000000000000266e+00 2.680207292429514511e-04
2.100000000000000089e+00 0.000000000000000000e+00
2.149999999999999911e+00 0.000000000000000000e+00
2.200000000000000178e+00 3.641013145845146091e-04
2.250000000000000000e+00 0.000000000000000000e+00
2.300000000000000266e+00 0.000000000000000000e+00
2.350000000000000089e+00 1.068395769924296361e-04
2.400000000000000355e+00 1.654544684717902420e-04
2.450000000000000178e+00 3.065539286372925013e-05
2.500000000000000000e+00 2.533963646425487111e-04
2.550000000000000266e+00 0.000000000000000000e+00
2.600000000000000089e+00 0.000000000000000000e+00
2.650000000000000355e+00 3.002886962351578601e-04
2.700000000000000178e+00 0.000000000000000000e+00
2.750000000000000000e+00 0.000000000000000000e+00
2.800000000000000266e+00 3.534773711229900772e-04
2.850000000000000089e+00 0.000000000000000000e+00
2.900000000000000355e+00 4.534723414838331789e-05
2.950000000000000178e+00 0.000000000000000000e+00
3.000000000000000000e+00 1.324406106502669508e-04
3.050000000000000266e+00 0.000000000000000000e+00
3.100000000000000089e+00 0.000000000000000000e+00
3.150000000000000355e+00 0.000000000000000000e+00
3.200000000000000178e+00 0.000000000000000000e+00
3.250000000000000000e+00 3.305472440440713469e-04
3.300000000000000266e+00 0.000000000000000000e+00
3.350000000000000089e+00 0.000000000000000000e+00
3.400000000000000355e+00 0.000000000000000000e+00
3.450000000000000178e+00 2.162133047278838886e-04
3.500000000000000000e+00 0.000000000000000000e+00
3.550000000000000266e+00 1.166182949391418897e-04
3.600000000000000089e+00 0.000000000000000000e+00
3.650000000000000355e+00 0.000000000000000000e+00
3.700000000000000178e+00 0.000000000000000000e+00
3.750000000000000000e+00 0.000000000000000000e+00
3.800000000000000266e+00 0.000000000000000000e+00
3.850000000000000089e+00 0.000000000000000000e+00
3.900000000000000355e+00 0.000000000000000000e+00
3.950000000000000178e+00 0.000000000000000000e+00
4.000000000000000000e+00 0.000000000000000000e+00
4.049999999999999822e+00 0.000000000000000000e+00
4.100000000000000533e+00 0.000000000000000000e+00
4.150000000000000355e+00 0.000000000000000000e+00
4.200000000000000178e+00 0.000000000000000000e+00
4.250000000000000000e+00 0.000000000000000000e+00
4.299999999999999822e+00 0.000000000000000000e+00
4.350000000000000533e+00 0.000000000000000000e+00
4.400000000000000355e+00 0.000000000000000000e+00
4.450000000000000178e+00 0.000000000000000000e+00
4.500000000000000000e+00 0.000000000000000000e+00
4.549999999999999822e+00 0.000000000000000000e+00
4.600000000000000533e+00 0.000000000000000000e+00
4.650000000000000355e+00 0.000000000000000000e+00
4.700000000000000178e+00 0.000000000000000000e+00
4.750000000000000000e+00 0.000000000000000000e+00
4.800000000000000711e+00 0.000000000000000000e+00
4.850000000000000533e+00 0.000000000000000000e+00
4.900000000000000355e+00 0.000000000000000000e+00
4.950000000000000178e+00 0.000000000000000000e+00
5.000000000000000000e+00 0.000000000000000000e+00
5.050000000000000711e+00 0.000000000000000000e+00
5.100000000000000533e+00 0.000000000000000000e+00
5.150000000000000355e+00 0.000000000000000000e+00
5.200000000000000178e+00 0.000000000000000000e+00
5.250000000000000000e+00 0.000000000000000000e+00
5.300000000000000711e+00 0.000000000000000000e+00
5.350000000000000533e+00 0.000000000000000000e+00
5.400000000000000355e+00 0.000000000000000000e+00
5.450000000000000178e+00 0.000000000000000000e+00
5.500000000000000000e+00 0.000000000000000000e+00
5.550000000000000711e+00 0.000000000000000000e+00
5.600000000000000533e+00 0.000000000000000000e+00
5.650000000000000355e+00 0.000000000000000000e+00
5.700000000000000178e+00 0.000000000000000000e+00
5.750000000000000000e+00 0.000000000000000000e+00
5.800000000000000711e+00 0.000000000000000000e+00
5.850000000000000533e+00 0.000000000000000000e+00
5.900000000000000355e+00 0.000000000000000000e+00
5.950000000000000178e+00 0.000000000000000000e+00
