0.000000000000000000e+00 3.244231220114612174e-04
5.000000000000000278e-02 4.237392607337089456e-04
1.000000000000000056e-01 3.409920539523116708e-04
1.500000000000000222e-01 1.088444915887791867e-03
2.000000000000000111e-01 2.381696643166637990e-03
2.500000000000000000e-01 1.443618702268152296e-03
3.000000000000000444e-01 4.315504780475831921e-03
3.500000000000000333e-01 1.413272254222375495e-03
4.000000000000000222e-01 2.162496298443754381e-03
4.500000000000000111e-01 3.445454063893355155e-03
5.000000000000000000e-01 8.832433600695403786e-03
5.500000000000000444e-01 1.871843788449250798e-02
6.000000000000000888e-01 5.681771550262198350e-02
6.500000000000000222e-01 1.620775112859694223e-01
7.000000000000000666e-01 2.041135917076578044e-01
7.500000000000000000e-01 1.413386047031354731e-01
8.000000000000000444e-01 1.218192890669524825e-01
8.500000000000000888e-01 1.236502810199283930e-01
9.000000000000000222e-01 4.799813615425695124e-02
9.500000000000000666e-01 3.662885927929454555e-02
1.000000000000000000e+00 1.900102673614231449e-02
1.050000000000000044e+00 7.838535713761463769e-03
1.100000000000000089e+00 8.981009157941081955e-03
1.150000000000000133e+00 6.885458765186065234e-03
1.200000000000000178e+00 7.949476088270455640e-03
1.250000000000000000e+00 2.220358668813001909e-03
1.300000000000000044e+00 2.778459249305447864e-03
1.350000000000000089e+00 2.367931439161732356e-03
1.400000000000000133e+00 9.142875020364852560e-04
1.450000000000000178e+00 2.393544854929968507e-04
1.500000000000000000e+00 3.057153571028583747e-04
1.550000000000000044e+00 0.000000000000000000e+00
1.600000000000000089e+00 0.000000000000000000e+00
1.650000000000000133e+00 0.000000000000000000e+00
1.700000000000000178e+00 1.627509968711475313e-04
1.750000000000000000e+00 5.878980153279669379e-05
1.800000000000000044e+00 1.169707866457685033e-04
1.850000000000000089e+00 5.463052968631884046e-04
1.900000000000000133e+00 2.132526416033399123e-04
1.950000000000000178e+00 2.476007357976543061e-04
2.000000000000000000e+00 0.000000000000000000e+00
2.050000000000000266e+00 0.000000000000000000e+00
2.100000000000000089e+00 0.000000000000000000e+00
2.149999999999999911e+00 4.978443266200401903e-05
2.200000000000000178e+00 5.133868544012928871e-04
2.250000000000000000e+00 0.000000000000000000e+00
2.300000000000000266e+00 0.000000000000000000e+00
2.350000000000000089e+00 0.000000000000000000e+00
2.400000000000000355e+00 1.935198609640410427e-04
2.450000000000000178e+00 0.000000000000000000e+00
2.500000000000000000e+00 0.000000000000000000e+00
2.550000000000000266e+00 1.129574818528003186e-04
2.600000000000000089e+00 0.000000000000000000e+00
2.650000000000000355e+00 0.000000000000000000e+00
2.700000000000000178e+00 0.000000000000000000e+00
2.750000000000000000e+00 0.000000000000000000e+00
2.800000000000000266e+00 0.000000000000000000e+00
2.850000000000000089e+00 0.000000000000000000e+00
2.900000000000000355e+00 0.000000000000000000e+00
2.950000000000000178e+00 0.000000000000000000e+00
3.000000000000000000e+00 1.197997130071964256e-04
3.050000000000000266e+00 0.000000000000000000e+00
3.100000000000000089e+00 0.000000000000000000e+00
3.150000000000000355e+00 0.000000000000000000e+00
3.200000000000000178e+00 0.000000000000000000e+00
3.250000000000000000e+00 0.000000000000000000e+00
3.300000000000000266e+00 0.000000000000000000e+00
3.350000000000000089e+00 0.000000000000000000e+00
3.400000000000000355e+00 0.000000000000000000e+00
3.450000000000000178e+00 0.000000000000000000e+00
3.500000000000000000e+00 0.000000000000000000e+00
3.550000000000000266e+00 0.000000000000000000e+00
3.600000000000000089e+00 0.000000000000000000e+00
3.650000000000000355e+00 0.000000000000000000e+00
3.700000000000000178e+00 0.000000000000000000e+00
3.750000000000000000e+00 0.000000000000000000e+00
3.800000000000000266e+00 0.000000000000000000e+00
3.850000000000000089e+00 0.000000000000000000e+00
3.900000000000000355e+00 0.000000000000000000e+00
3.950000000000000178e+00 0.000000000000000000e+00
4.000000000000000000e+00 0.000000000000000000e+00
4.049999999999999822e+00 0.000000000000000000e+00
4.100000000000000533e+00 0.000000000000000000e+00
4.150000000000000355e+00 0.000000000000000000e+00
4.200000000000000178e+00 0.000000000000000000e+00
4.250000000000000000e+00 0.000000000000000000e+00
4.299999999999999822e+00 0.000000000000000000e+00
4.350000000000000533e+00 0.000000000000000000e+00
4.400000000000000355e+00 0.000000000000000000e+00
4.450000000000000178e+00 0.000000000000000000e+00
4.500000000000000000e+00 0.000000000000000000e+00
4.549999999999999822e+00 0.000000000000000000e+00
4.600000000000000533e+00 0.000000000000000000e+00
4.650000000000000355e+00 0.000000000000000000e+00
4.700000000000000178e+00 0.000000000000000000e+00
4.750000000000000000e+00 0.000000000000000000e+00
4.800000000000000711e+00 0.000000000000000000e+00
4.850000000000000533e+00 0.000000000000000000e+00
4.900000000000000355e+00 0.000000000000000000e+00
4.950000000000000178e+00 0.000000000000000000e+00
5.000000000000000000e+00 0.000000000000000000e+00
5.050000000000000711e+00 0.000000000000000000e+00
5.100000000000000533e+00 0.000000000000000000e+00
5.150000000000000355e+00 0.000000000000000000e+00
5.200000000000000178e+00 0.000000000000000000e+00
5.250000000000000000e+00 0.000000000000000000e+00
5.300000000000000711e+00 0.000000000000000000e+00
5.350000000000000533e+00 0.000000000000000000e+00
5.400000000000000355e+00 0.000000000000000000e+00
5.450000000000000178e+00 0.000000000000000000e+00
5.500000000000000000e+00 0.000000000000000000e+00
5.550000000000000711e+00 0.000000000000000000e+00
5.600000000000000533e+00 0.000000000000000000e+00
5.650000000000000355e+00 0.000000000000000000e+00
5.700000000000000178e+00 0.000000000000000000e+00
5.750000000000000000e+00 0.000000000000000000e+00
5.800000000000000711e+00 0.000000000000000000e+00
5.850000000000000533e+00 0.000000000000000000e+00
5.900000000000000355e+00 0.000000000000000000e+00
5.950000000000000178e+00 0.000000000000000000e+00
