0.000000000000000000e+00 1.167960559706932716e-03
5.000000000000000278e-02 9.386967621989373602e-04
1.000000000000000056e-01 5.070024218239623653e-03
1.500000000000000222e-01 1.073828457314548492e-02
2.000000000000000111e-01 4.594626363529327046e-02
2.500000000000000000e-01 7.751291215914210553e-02
3.000000000000000444e-01 2.153562882118332800e-01
3.500000000000000333e-01 2.173952131747194372e-01
4.000000000000000222e-01 1.631414731702482690e-01
4.500000000000000111e-01 1.033014808710397275e-01
5.000000000000000000e-01 8.767140520135166537e-02
5.500000000000000444e-01 2.536383743397772894e-02
6.000000000000000888e-01 2.017821231390072578e-02
6.500000000000000222e-01 9.967438860934133352e-03
7.000000000000000666e-01 3.075395519833045831e-03
7.500000000000000000e-01 3.821702110115213560e-03
8.000000000000000444e-01 2.885838529426382019e-04
8.500000000000000888e-01 7.761721539944083656e-04
9.000000000000000222e-01 2.144752717801492060e-03
9.500000000000000666e-01 0.000000000000000000e+00
1.000000000000000000e+00 0.000000000000000000e+00
1.050000000000000044e+00 8.729377178067207000e-04
1.100000000000000089e+00 1.474641448275448505e-03
1.150000000000000133e+00 6.555384357206328573e-04
1.200000000000000178e+00 0.000000000000000000e+00
1.250000000000000000e+00 7.234005812552195399e-04
1.300000000000000044e+00 0.000000000000000000e+00
1.350000000000000089e+00 2.529807057319328882e-04
1.400000000000000133e+00 0.000000000000000000e+00
1.450000000000000178e+00 0.000000000000000000e+00
1.500000000000000000e+00 4.827438748585729513e-04
1.550000000000000044e+00 4.303957189344163143e-04
1.600000000000000089e+00 0.000000000000000000e+00
1.650000000000000133e+00 0.000000000000000000e+00
1.700000000000000178e+00 3.919109391766478355e-04
1.750000000000000000e+00 0.000000000000000000e+00
1.800000000000000044e+00 0.000000000000000000e+00
1.850000000000000089e+00 4.802367554934335882e-04
1.900000000000000133e+00 0.000000000000000000e+00
1.950000000000000178e+00 0.000000000000000000e+00
2.000000000000000000e+00 0.000000000000000000e+00
2.050000000000000266e+00 0.000000000000000000e+00
2.100000000000000089e+00 0.000000000000000000e+00
2.149999999999999911e+00 0.000000000000000000e+00
2.200000000000000178e+00 0.000000000000000000e+00
2.250000000000000000e+00 0.000000000000000000e+00
2.300000000000000266e+00 0.000000000000000000e+00
2.350000000000000089e+00 0.000000000000000000e+00
2.400000000000000355e+00 0.000000000000000000e+00
2.450000000000000178e+00 0.000000000000000000e+00
2.500000000000000000e+00 0.000000000000000000e+00
2.550000000000000266e+00 0.000000000000000000e+00
2.600000000000000089e+00 0.000000000000000000e+00
2.650000000000000355e+00 0.000000000000000000e+00
2.700000000000000178e+00 0.000000000000000000e+00
2.750000000000000000e+00 0.000000000000000000e+00
2.800000000000000266e+00 0.000000000000000000e+00
2.850000000000000089e+00 8.105329781928790039e-04
2.900000000000000355e+00 0.000000000000000000e+00
2.950000000000000178e+00 0.000000000000000000e+00
3.000000000000000000e+00 0.000000000000000000e+00
3.050000000000000266e+00 0.000000000000000000e+00
3.100000000000000089e+00 0.000000000000000000e+00
3.150000000000000355e+00 0.000000000000000000e+00
3.200000000000000178e+00 0.000000000000000000e+00
3.250000000000000000e+00 0.000000000000000000e+00
3.300000000000000266e+00 1.188322349813387930e-04
3.350000000000000089e+00 0.000000000000000000e+00
3.400000000000000355e+00 0.000000000000000000e+00
3.450000000000000178e+00 0.000000000000000000e+00
3.500000000000000000e+00 0.000000000000000000e+00
3.550000000000000266e+00 2.895866251947313685e-04
3.600000000000000089e+00 0.000000000000000000e+00
3.650000000000000355e+00 0.000000000000000000e+00
3.700000000000000178e+00 0.000000000000000000e+00
3.750000000000000000e+00 0.000000000000000000e+00
3.800000000000000266e+00 0.000000000000000000e+00
3.850000000000000089e+00 2.597675757926737891e-04
3.900000000000000355e+00 0.000000000000000000e+00
3.950000000000000178e+00 0.000000000000000000e+00
4.000000000000000000e+00 0.000000000000000000e+00
4.049999999999999822e+00 0.000000000000000000e+00
4.100000000000000533e+00 0.000000000000000000e+00
4.150000000000000355e+00 0.000000000000000000e+00
4.200000000000000178e+00 0.000000000000000000e+00
4.250000000000000000e+00 0.000000000000000000e+00
4.299999999999999822e+00 0.000000000000000000e+00
4.350000000000000533e+00 0.000000000000000000e+00
4.400000000000000355e+00 0.000000000000000000e+00
4.450000000000000178e+00 0.000000000000000000e+00
4.500000000000000000e+00 0.000000000000000000e+00
4.549999999999999822e+00 0.000000000000000000e+00
4.600000000000000533e+00 0.000000000000000000e+00
4.650000000000000355e+00 0.000000000000000000e+00
4.700000000000000178e+00 0.000000000000000000e+00
4.750000000000000000e+00 0.000000000000000000e+00
4.800000000000000711e+00 0.000000000000000000e+00
4.850000000000000533e+00 0.000000000000000000e+00
4.900000000000000355e+00 0.000000000000000000e+00
4.950000000000000178e+00 0.000000000000000000e+00
5.000000000000000000e+00 0.000000000000000000e+00
5.050000000000000711e+00 0.000000000000000000e+00
5.100000000000000533e+00 0.000000000000000000e+00
5.150000000000000355e+00 0.000000000000000000e+00
5.200000000000000178e+00 0.000000000000000000e+00
5.250000000000000000e+00 0.000000000000000000e+00
5.300000000000000711e+00 0.000000000000000000e+00
5.350000000000000533e+00 0.000000000000000000e+00
5.400000000000000355e+00 0.000000000000000000e+00
5.450000000000000178e+00 0.000000000000000000e+00
5.500000000000000000e+00 0.000000000000000000e+00
5.550000000000000711e+00 0.000000000000000000e+00
5.600000000000000533e+00 0.000000000000000000e+00
5.650000000000000355e+00 0.000000000000000000e+00
5.700000000000000178e+00 0.000000000000000000e+00
5.750000000000000000e+00 0.000000000000000000e+00
5.800000000000000711e+00 0.000000000000000000e+00
5.850000000000000533e+00 0.000000000000000000e+00
5.900000000000000355e+00 0.000000000000000000e+00
5.950000000000000178e+00 0.000000000000000000e+00
