0.000000000000000000e+00 0.000000000000000000e+00
5.000000000000000278e-02 1.107581633337382030e-04
1.000000000000000056e-01 7.515475287457426979e-04
1.500000000000000222e-01 3.769514780225212956e-04
2.000000000000000111e-01 6.351286716010562296e-04
2.500000000000000000e-01 1.258826647644104577e-03
3.000000000000000444e-01 2.540685740953893285e-03
3.500000000000000333e-01 1.592892245904253606e-03
4.000000000000000222e-01 2.115837256224470213e-03
4.500000000000000111e-01 2.641130729715957144e-03
5.000000000000000000e-01 4.326431976398438170e-03
5.500000000000000444e-01 8.052783468923492907e-03
6.000000000000000888e-01 2.111808296734143942e-02
6.500000000000000222e-01 3.824337447836904241e-02
7.000000000000000666e-01 6.986528605248032431e-02
7.500000000000000000e-01 6.610127323535976152e-02
8.000000000000000444e-01 8.926732589303380816e-02
8.500000000000000888e-01 1.345285813044906631e-01
9.000000000000000222e-01 9.040940626684622339e-02
9.500000000000000666e-01 9.918894703505586052e-02
1.000000000000000000e+00 9.871481977736597246e-02
1.050000000000000044e+00 5.082225605154842146e-02
1.100000000000000089e+00 5.111804232255830888e-02
1.150000000000000133e+00 3.983994662570793793e-02
1.200000000000000178e+00 4.487720175007436918e-02
1.250000000000000000e+00 2.656780573699394840e-02
1.300000000000000044e+00 1.768105549830138040e-02
1.350000000000000089e+00 1.719631471145883356e-02
1.400000000000000133e+00 7.958446669351647990e-03
1.450000000000000178e+00 2.877306620392672178e-03
1.500000000000000000e+00 1.467972068942741386e-03
1.550000000000000044e+00 1.711919814298631676e-04
1.600000000000000089e+00 7.579589645195644598e-04
1.650000000000000133e+00 6.237973385638413953e-04
1.700000000000000178e+00 3.275169606201255184e-04
1.750000000000000000e+00 6.733294670648199429e-04
1.800000000000000044e+00 8.579721504366427751e-04
1.850000000000000089e+00 7.490302869313488821e-06
1.900000000000000133e+00 1.538406322931948735e-03
1.950000000000000178e+00 4.464826532680626361e-04
2.000000000000000000e+00 1.273219914510083893e-03
2.050000000000000266e+00 7.462938873123230957e-04
2.100000000000000089e+00 1.576155054199975219e-04
2.149999999999999911e+00 1.100758558933694081e-04
2.200000000000000178e+00 1.051424177329236278e-04
2.250000000000000000e+00 4.131493106391759197e-04
2.300000000000000266e+00 5.087199111240738991e-04
2.350000000000000089e+00 5.595950912900818965e-05
2.400000000000000355e+00 4.279639917382063231e-04
2.450000000000000178e+00 5.040882806115544083e-05
2.500000000000000000e+00 9.699039139774771304e-06
2.550000000000000266e+00 2.895465847094631480e-04
2.600000000000000089e+00 1.074012946751032480e-05
2.650000000000000355e+00 7.729187257242267411e-04
2.700000000000000178e+00 1.921583603739800865e-04
2.750000000000000000e+00 2.081236974081134906e-06
2.800000000000000266e+00 4.406738840873595007e-06
2.850000000000000089e+00 0.000000000000000000e+00
2.900000000000000355e+00 0.000000000000000000e+00
2.950000000000000178e+00 0.000000000000000000e+00
3.000000000000000000e+00 0.000000000000000000e+00
3.050000000000000266e+00 0.000000000000000000e+00
3.100000000000000089e+00 0.000000000000000000e+00
3.150000000000000355e+00 0.000000000000000000e+00
3.200000000000000178e+00 0.000000000000000000e+00
3.250000000000000000e+00 1.017801678940738518e-05
3.300000000000000266e+00 0.000000000000000000e+00
3.350000000000000089e+00 0.000000000000000000e+00
3.400000000000000355e+00 0.000000000000000000e+00
3.450000000000000178e+00 0.000000000000000000e+00
3.500000000000000000e+00 0.000000000000000000e+00
3.550000000000000266e+00 0.000000000000000000e+00
3.600000000000000089e+00 0.000000000000000000e+00
3.650000000000000355e+00 0.000000000000000000e+00
3.700000000000000178e+00 0.000000000000000000e+00
3.750000000000000000e+00 0.000000000000000000e+00
3.800000000000000266e+00 0.000000000000000000e+00
3.850000000000000089e+00 0.000000000000000000e+00
3.900000000000000355e+00 0.000000000000000000e+00
3.950000000000000178e+00 0.000000000000000000e+00
4.000000000000000000e+00 0.000000000000000000e+00
4.049999999999999822e+00 0.000000000000000000e+00
4.100000000000000533e+00 0.000000000000000000e+00
4.150000000000000355e+00 0.000000000000000000e+00
4.200000000000000178e+00 0.000000000000000000e+00
4.250000000000000000e+00 0.000000000000000000e+00
4.299999999999999822e+00 0.000000000000000000e+00
4.350000000000000533e+00 0.000000000000000000e+00
4.400000000000000355e+00 0.000000000000000000e+00
4.450000000000000178e+00 0.000000000000000000e+00
4.500000000000000000e+00 1.436784536151978966e-04
4.549999999999999822e+00 0.000000000000000000e+00
4.600000000000000533e+00 0.000000000000000000e+00
4.650000000000000355e+00 0.000000000000000000e+00
4.700000000000000178e+00 0.000000000000000000e+00
4.750000000000000000e+00 0.000000000000000000e+00
4.800000000000000711e+00 0.000000000000000000e+00
4.850000000000000533e+00 0.000000000000000000e+00
4.900000000000000355e+00 0.000000000000000000e+00
4.950000000000000178e+00 0.000000000000000000e+00
5.000000000000000000e+00 0.000000000000000000e+00
5.050000000000000711e+00 0.000000000000000000e+00
5.100000000000000533e+00 0.000000000000000000e+00
5.150000000000000355e+00 0.000000000000000000e+00
5.200000000000000178e+00 0.000000000000000000e+00
5.250000000000000000e+00 0.000000000000000000e+00
5.300000000000000711e+00 0.000000000000000000e+00
5.350000000000000533e+00 0.000000000000000000e+00
5.400000000000000355e+00 0.000000000000000000e+00
5.450000000000000178e+00 0.000000000000000000e+00
5.500000000000000000e+00 0.000000000000000000e+00
5.550000000000000711e+00 0.000000000000000000e+00
5.600000000000000533e+00 0.000000000000000000e+00
5.650000000000000355e+00 0.000000000000000000e+00
5.700000000000000178e+00 0.000000000000000000e+00
5.750000000000000000e+00 0.000000000000000000e+00
5.800000000000000711e+00 0.000000000000000000e+00
5.850000000000000533e+00 0.000000000000000000e+00
5.900000000000000355e+00 0.000000000000000000e+00
5.950000000000000178e+00 0.000000000000000000e+00
