0.000000000000000000e+00 7.599765476874038167e-03
5.000000000000000278e-02 2.139980176379696619e-02
1.000000000000000056e-01 1.500693753833406419e-01
1.500000000000000222e-01 1.272102831364440301e-01
2.000000000000000111e-01 2.914130538488363675e-01
2.500000000000000000e-01 1.528555802024241517e-01
3.000000000000000444e-01 1.093218496294428577e-01
3.500000000000000333e-01 4.626789869035384528e-02
4.000000000000000222e-01 2.757446560059939947e-02
4.500000000000000111e-01 1.073485650031510974e-02
5.000000000000000000e-01 2.436188812438654788e-02
5.500000000000000444e-01 3.619633951570824879e-03
6.000000000000000888e-01 7.121718301810380479e-03
6.500000000000000222e-01 3.636298738766695869e-03
7.000000000000000666e-01 2.363460264630766472e-03
7.500000000000000000e-01 7.204805283513737550e-03
8.000000000000000444e-01 2.664626800608150322e-03
8.500000000000000888e-01 0.000000000000000000e+00
9.000000000000000222e-01 0.000000000000000000e+00
9.500000000000000666e-01 0.000000000000000000e+00
1.000000000000000000e+00 0.000000000000000000e+00
1.050000000000000044e+00 0.000000000000000000e+00
1.100000000000000089e+00 1.200305121223136815e-03
1.150000000000000133e+00 0.000000000000000000e+00
1.200000000000000178e+00 5.532610267422556410e-04
1.250000000000000000e+00 4.437371463032151859e-04
1.300000000000000044e+00 0.000000000000000000e+00
1.350000000000000089e+00 0.000000000000000000e+00
1.400000000000000133e+00 0.000000000000000000e+00
1.450000000000000178e+00 0.000000000000000000e+00
1.500000000000000000e+00 9.757707957566450841e-04
1.550000000000000044e+00 0.000000000000000000e+00
1.600000000000000089e+00 0.000000000000000000e+00
1.650000000000000133e+00 3.163943917487252629e-04
1.700000000000000178e+00 0.000000000000000000e+00
1.750000000000000000e+00 0.000000000000000000e+00
1.800000000000000044e+00 1.131082517236319798e-03
1.850000000000000089e+00 0.000000000000000000e+00
1.900000000000000133e+00 0.000000000000000000e+00
1.950000000000000178e+00 7.825305736960226849e-04
2.000000000000000000e+00 4.952690266564019166e-04
2.050000000000000266e+00 0.000000000000000000e+00
2.100000000000000089e+00 4.437371463032151859e-04
2.149999999999999911e+00 0.000000000000000000e+00
2.200000000000000178e+00 0.000000000000000000e+00
2.250000000000000000e+00 0.000000000000000000e+00
2.300000000000000266e+00 0.000000000000000000e+00
2.350000000000000089e+00 0.000000000000000000e+00
2.400000000000000355e+00 2.335257733935369273e-04
2.450000000000000178e+00 0.000000000000000000e+00
2.500000000000000000e+00 1.799945336276570344e-04
2.550000000000000266e+00 4.437371463032151859e-04
2.600000000000000089e+00 0.000000000000000000e+00
2.650000000000000355e+00 0.000000000000000000e+00
2.700000000000000178e+00 4.193877840120576015e-04
2.750000000000000000e+00 0.000000000000000000e+00
2.800000000000000266e+00 8.423803030503597584e-04
2.850000000000000089e+00 0.000000000000000000e+00
2.900000000000000355e+00 0.000000000000000000e+00
2.950000000000000178e+00 0.000000000000000000e+00
3.000000000000000000e+00 0.000000000000000000e+00
3.050000000000000266e+00 0.000000000000000000e+00
3.100000000000000089e+00 0.000000000000000000e+00
3.150000000000000355e+00 0.000000000000000000e+00
3.200000000000000178e+00 0.000000000000000000e+00
3.250000000000000000e+00 0.000000000000000000e+00
3.300000000000000266e+00 0.000000000000000000e+00
3.350000000000000089e+00 0.000000000000000000e+00
3.400000000000000355e+00 0.000000000000000000e+00
3.450000000000000178e+00 0.000000000000000000e+00
3.500000000000000000e+00 0.000000000000000000e+00
3.550000000000000266e+00 0.000000000000000000e+00
3.600000000000000089e+00 0.000000000000000000e+00
3.650000000000000355e+00 0.000000000000000000e+00
3.700000000000000178e+00 0.000000000000000000e+00
3.750000000000000000e+00 0.000000000000000000e+00
3.800000000000000266e+00 0.000000000000000000e+00
3.850000000000000089e+00 0.000000000000000000e+00
3.900000000000000355e+00 0.000000000000000000e+00
3.950000000000000178e+00 0.000000000000000000e+00
4.000000000000000000e+00 0.000000000000000000e+00
4.049999999999999822e+00 0.000000000000000000e+00
4.100000000000000533e+00 0.000000000000000000e+00
4.150000000000000355e+00 0.000000000000000000e+00
4.200000000000000178e+00 0.000000000000000000e+00
4.250000000000000000e+00 0.000000000000000000e+00
4.299999999999999822e+00 0.000000000000000000e+00
4.350000000000000533e+00 0.000000000000000000e+00
4.400000000000000355e+00 0.000000000000000000e+00
4.450000000000000178e+00 0.000000000000000000e+00
4.500000000000000000e+00 0.000000000000000000e+00
4.549999999999999822e+00 0.000000000000000000e+00
4.600000000000000533e+00 0.000000000000000000e+00
4.650000000000000355e+00 0.000000000000000000e+00
4.700000000000000178e+00 0.000000000000000000e+00
4.750000000000000000e+00 0.000000000000000000e+00
4.800000000000000711e+00 0.000000000000000000e+00
4.850000000000000533e+00 0.000000000000000000e+00
4.900000000000000355e+00 0.000000000000000000e+00
4.950000000000000178e+00 0.000000000000000000e+00
5.000000000000000000e+00 0.000000000000000000e+00
5.050000000000000711e+00 0.000000000000000000e+00
5.100000000000000533e+00 0.000000000000000000e+00
5.150000000000000355e+00 0.000000000000000000e+00
5.200000000000000178e+00 0.000000000000000000e+00
5.250000000000000000e+00 0.000000000000000000e+00
5.300000000000000711e+00 0.000000000000000000e+00
5.350000000000000533e+00 0.000000000000000000e+00
5.400000000000000355e+00 0.000000000000000000e+00
5.450000000000000178e+00 0.000000000000000000e+00
5.500000000000000000e+00 0.000000000000000000e+00
5.550000000000000711e+00 0.000000000000000000e+00
5.600000000000000533e+00 0.000000000000000000e+00
5.650000000000000355e+00 0.000000000000000000e+00
5.700000000000000178e+00 0.000000000000000000e+00
5.750000000000000000e+00 0.000000000000000000e+00
5.800000000000000711e+00 0.000000000000000000e+00
5.850000000000000533e+00 0.000000000000000000e+00
5.900000000000000355e+00 0.000000000000000000e+00
5.950000000000000178e+00 0.000000000000000000e+00
