0.000000000000000000e+00 1.087319714320635847e-03
5.000000000000000278e-02 6.512662436299218550e-04
1.000000000000000056e-01 3.893772052031583674e-03
1.500000000000000222e-01 9.688164908051799529e-03
2.000000000000000111e-01 2.218231065577639868e-02
2.500000000000000000e-01 2.900622758399187470e-02
3.000000000000000444e-01 5.373899394926002354e-02
3.500000000000000333e-01 4.648947859477554206e-02
4.000000000000000222e-01 5.280949712668801810e-02
4.500000000000000111e-01 8.535247394750282435e-02
5.000000000000000000e-01 1.690534796353773128e-01
5.500000000000000444e-01 1.326339058466935450e-01
6.000000000000000888e-01 1.567672046387748042e-01
6.500000000000000222e-01 1.325312767694847571e-01
7.000000000000000666e-01 5.234587036121989695e-02
7.500000000000000000e-01 1.706181026382266874e-02
8.000000000000000444e-01 7.729326458499418892e-03
8.500000000000000888e-01 7.281580246404103889e-03
9.000000000000000222e-01 1.249963022166667792e-03
9.500000000000000666e-01 2.050792283044813782e-03
1.000000000000000000e+00 3.657048665700600963e-03
1.050000000000000044e+00 1.745875505222529642e-03
1.100000000000000089e+00 2.449899372113444832e-03
1.150000000000000133e+00 2.491732089236389086e-03
1.200000000000000178e+00 1.331484342217818502e-03
1.250000000000000000e+00 6.644033140795172106e-04
1.300000000000000044e+00 7.789834696386712873e-04
1.350000000000000089e+00 5.466115382815351373e-04
1.400000000000000133e+00 1.677723336035326081e-04
1.450000000000000178e+00 0.000000000000000000e+00
1.500000000000000000e+00 4.708305834631773394e-04
1.550000000000000044e+00 0.000000000000000000e+00
1.600000000000000089e+00 0.000000000000000000e+00
1.650000000000000133e+00 0.000000000000000000e+00
1.700000000000000178e+00 3.164489419510315956e-04
1.750000000000000000e+00 0.000000000000000000e+00
1.800000000000000044e+00 0.000000000000000000e+00
1.850000000000000089e+00 1.714206913175272940e-04
1.900000000000000133e+00 0.000000000000000000e+00
1.950000000000000178e+00 0.000000000000000000e+00
2.000000000000000000e+00 1.654164960757813747e-05
2.050000000000000266e+00 2.435879875983084145e-04
2.100000000000000089e+00 0.000000000000000000e+00
2.149999999999999911e+00 0.000000000000000000e+00
2.200000000000000178e+00 3.494845038020922244e-04
2.250000000000000000e+00 0.000000000000000000e+00
2.300000000000000266e+00 0.000000000000000000e+00
2.350000000000000089e+00 1.024135599141111932e-04
2.400000000000000355e+00 1.370885753335271840e-04
2.450000000000000178e+00 2.586207440835117861e-05
2.500000000000000000e+00 2.546731937582545234e-04
2.550000000000000266e+00 0.000000000000000000e+00
2.600000000000000089e+00 0.000000000000000000e+00
2.650000000000000355e+00 2.570306903960704425e-04
2.700000000000000178e+00 0.000000000000000000e+00
2.750000000000000000e+00 0.000000000000000000e+00
2.800000000000000266e+00 3.682164713489890140e-04
2.850000000000000089e+00 0.000000000000000000e+00
2.900000000000000355e+00 2.339853437877414626e-05
2.950000000000000178e+00 0.000000000000000000e+00
3.000000000000000000e+00 1.485534139021919516e-04
3.050000000000000266e+00 0.000000000000000000e+00
3.100000000000000089e+00 0.000000000000000000e+00
3.150000000000000355e+00 0.000000000000000000e+00
3.200000000000000178e+00 0.000000000000000000e+00
3.250000000000000000e+00 3.760544084917871233e-04
3.300000000000000266e+00 0.000000000000000000e+00
3.350000000000000089e+00 0.000000000000000000e+00
3.400000000000000355e+00 0.000000000000000000e+00
3.450000000000000178e+00 2.340733361619191629e-04
3.500000000000000000e+00 0.000000000000000000e+00
3.550000000000000266e+00 1.286751331775556775e-04
3.600000000000000089e+00 0.000000000000000000e+00
3.650000000000000355e+00 0.000000000000000000e+00
3.700000000000000178e+00 0.000000000000000000e+00
3.750000000000000000e+00 0.000000000000000000e+00
3.800000000000000266e+00 0.000000000000000000e+00
3.850000000000000089e+00 0.000000000000000000e+00
3.900000000000000355e+00 0.000000000000000000e+00
3.950000000000000178e+00 0.000000000000000000e+00
4.000000000000000000e+00 0.000000000000000000e+00
4.049999999999999822e+00 0.000000000000000000e+00
4.100000000000000533e+00 0.000000000000000000e+00
4.150000000000000355e+00 0.000000000000000000e+00
4.200000000000000178e+00 0.000000000000000000e+00
4.250000000000000000e+00 0.000000000000000000e+00
4.299999999999999822e+00 0.000000000000000000e+00
4.350000000000000533e+00 0.000000000000000000e+00
4.400000000000000355e+00 0.000000000000000000e+00
4.450000000000000178e+00 0.000000000000000000e+00
4.500000000000000000e+00 0.000000000000000000e+00
4.549999999999999822e+00 0.000000000000000000e+00
4.600000000000000533e+00 0.000000000000000000e+00
4.650000000000000355e+00 0.000000000000000000e+00
4.700000000000000178e+00 0.000000000000000000e+00
4.750000000000000000e+00 0.000000000000000000e+00
4.800000000000000711e+00 0.000000000000000000e+00
4.850000000000000533e+00 0.000000000000000000e+00
4.900000000000000355e+00 0.000000000000000000e+00
4.950000000000000178e+00 0.000000000000000000e+00
5.000000000000000000e+00 0.000000000000000000e+00
5.050000000000000711e+00 0.000000000000000000e+00
5.100000000000000533e+00 0.000000000000000000e+00
5.150000000000000355e+00 0.000000000000000000e+00
5.200000000000000178e+00 0.000000000000000000e+00
5.250000000000000000e+00 0.000000000000000000e+00
5.300000000000000711e+00 0.000000000000000000e+00
5.350000000000000533e+00 0.000000000000000000e+00
5.400000000000000355e+00 0.000000000000000000e+00
5.450000000000000178e+00 0.000000000000000000e+00
5.500000000000000000e+00 0.000000000000000000e+00
5.550000000000000711e+00 0.000000000000000000e+00
5.600000000000000533e+00 0.000000000000000000e+00
5.650000000000000355e+00 0.000000000000000000e+00
5.700000000000000178e+00 0.000000000000000000e+00
5.750000000000000000e+00 0.000000000000000000e+00
5.800000000000000711e+00 0.000000000000000000e+00
5.850000000000000533e+00 0.000000000000000000e+00
5.900000000000000355e+00 0.000000000000000000e+00
5.950000000000000178e+00 0.000000000000000000e+00
