0.000000000000000000e+00 0.000000000000000000e+00
5.000000000000000278e-02 1.455588829378041732e-04
1.000000000000000056e-01 7.211247869506709311e-04
1.500000000000000222e-01 4.025554148551921071e-04
2.000000000000000111e-01 5.658823997654742781e-04
2.500000000000000000e-01 1.313223402529989023e-03
3.000000000000000444e-01 2.747265393259778511e-03
3.500000000000000333e-01 1.596980781764476519e-03
4.000000000000000222e-01 2.174585968236035765e-03
4.500000000000000111e-01 2.948962255764761217e-03
5.000000000000000000e-01 4.508157455670567734e-03
5.500000000000000444e-01 8.830461268392512594e-03
6.000000000000000888e-01 2.268962324398372810e-02
6.500000000000000222e-01 4.172971786005866962e-02
7.000000000000000666e-01 7.422129807401413315e-02
7.500000000000000000e-01 6.896539336378865181e-02
8.000000000000000444e-01 9.153326708274396595e-02
8.500000000000000888e-01 1.380005706457525516e-01
9.000000000000000222e-01 9.088148750968556844e-02
9.500000000000000666e-01 9.775848589297540803e-02
1.000000000000000000e+00 9.664113122318171434e-02
1.050000000000000044e+00 4.878909464281491748e-02
1.100000000000000089e+00 4.891927258632066539e-02
1.150000000000000133e+00 3.845563125263684601e-02
1.200000000000000178e+00 4.197684329692261823e-02
1.250000000000000000e+00 2.508426138739219130e-02
1.300000000000000044e+00 1.602892839848596776e-02
1.350000000000000089e+00 1.585058630013415348e-02
1.400000000000000133e+00 7.331913875161495155e-03
1.450000000000000178e+00 2.487287518238026629e-03
1.500000000000000000e+00 1.402450543235687084e-03
1.550000000000000044e+00 1.420097739345785488e-04
1.600000000000000089e+00 6.246057150978851771e-04
1.650000000000000133e+00 6.481412827068926998e-04
1.700000000000000178e+00 3.515495919794315032e-04
1.750000000000000000e+00 6.693562010109923221e-04
1.800000000000000044e+00 7.467038969263533211e-04
1.850000000000000089e+00 1.162745229807978672e-05
1.900000000000000133e+00 1.531689504682923414e-03
1.950000000000000178e+00 4.568815848543646640e-04
2.000000000000000000e+00 1.185527942438128427e-03
2.050000000000000266e+00 7.604151138598658341e-04
2.100000000000000089e+00 1.610737704881312713e-04
2.149999999999999911e+00 7.897107891519191314e-05
2.200000000000000178e+00 7.016015814981361759e-05
2.250000000000000000e+00 3.597295098685655379e-04
2.300000000000000266e+00 5.046906967155640605e-04
2.350000000000000089e+00 5.814831533496049489e-05
2.400000000000000355e+00 3.431388404883045987e-04
2.450000000000000178e+00 4.417560705079248332e-05
2.500000000000000000e+00 1.236871173475804139e-05
2.550000000000000266e+00 2.686580610928821790e-04
2.600000000000000089e+00 4.124238543175864361e-06
2.650000000000000355e+00 7.082363426243562955e-04
2.700000000000000178e+00 1.963657970574380035e-04
2.750000000000000000e+00 9.250835744918790903e-07
2.800000000000000266e+00 1.516216534664848317e-07
2.850000000000000089e+00 0.000000000000000000e+00
2.900000000000000355e+00 0.000000000000000000e+00
2.950000000000000178e+00 0.000000000000000000e+00
3.000000000000000000e+00 0.000000000000000000e+00
3.050000000000000266e+00 0.000000000000000000e+00
3.100000000000000089e+00 0.000000000000000000e+00
3.150000000000000355e+00 0.000000000000000000e+00
3.200000000000000178e+00 0.000000000000000000e+00
3.250000000000000000e+00 6.317832021431079525e-06
3.300000000000000266e+00 0.000000000000000000e+00
3.350000000000000089e+00 0.000000000000000000e+00
3.400000000000000355e+00 0.000000000000000000e+00
3.450000000000000178e+00 0.000000000000000000e+00
3.500000000000000000e+00 0.000000000000000000e+00
3.550000000000000266e+00 0.000000000000000000e+00
3.600000000000000089e+00 0.000000000000000000e+00
3.650000000000000355e+00 0.000000000000000000e+00
3.700000000000000178e+00 0.000000000000000000e+00
3.750000000000000000e+00 0.000000000000000000e+00
3.800000000000000266e+00 0.000000000000000000e+00
3.850000000000000089e+00 0.000000000000000000e+00
3.900000000000000355e+00 0.000000000000000000e+00
3.950000000000000178e+00 0.000000000000000000e+00
4.000000000000000000e+00 0.000000000000000000e+00
4.049999999999999822e+00 0.000000000000000000e+00
4.100000000000000533e+00 0.000000000000000000e+00
4.150000000000000355e+00 0.000000000000000000e+00
4.200000000000000178e+00 0.000000000000000000e+00
4.250000000000000000e+00 0.000000000000000000e+00
4.299999999999999822e+00 0.000000000000000000e+00
4.350000000000000533e+00 0.000000000000000000e+00
4.400000000000000355e+00 0.000000000000000000e+00
4.450000000000000178e+00 0.000000000000000000e+00
4.500000000000000000e+00 1.235659551998988465e-04
4.549999999999999822e+00 0.000000000000000000e+00
4.600000000000000533e+00 0.000000000000000000e+00
4.650000000000000355e+00 0.000000000000000000e+00
4.700000000000000178e+00 0.000000000000000000e+00
4.750000000000000000e+00 0.000000000000000000e+00
4.800000000000000711e+00 0.000000000000000000e+00
4.850000000000000533e+00 0.000000000000000000e+00
4.900000000000000355e+00 0.000000000000000000e+00
4.950000000000000178e+00 0.000000000000000000e+00
5.000000000000000000e+00 0.000000000000000000e+00
5.050000000000000711e+00 0.000000000000000000e+00
5.100000000000000533e+00 0.000000000000000000e+00
5.150000000000000355e+00 0.000000000000000000e+00
5.200000000000000178e+00 0.000000000000000000e+00
5.250000000000000000e+00 0.000000000000000000e+00
5.300000000000000711e+00 0.000000000000000000e+00
5.350000000000000533e+00 0.000000000000000000e+00
5.400000000000000355e+00 0.000000000000000000e+00
5.450000000000000178e+00 0.000000000000000000e+00
5.500000000000000000e+00 0.000000000000000000e+00
5.550000000000000711e+00 0.000000000000000000e+00
5.600000000000000533e+00 0.000000000000000000e+00
5.650000000000000355e+00 0.000000000000000000e+00
5.700000000000000178e+00 0.000000000000000000e+00
5.750000000000000000e+00 0.000000000000000000e+00
5.800000000000000711e+00 0.000000000000000000e+00
5.850000000000000533e+00 0.000000000000000000e+00
5.900000000000000355e+00 0.000000000000000000e+00
5.950000000000000178e+00 0.000000000000000000e+00
