0.000000000000000000e+00 1.034648446702614126e-03
5.000000000000000278e-02 9.366073371039023007e-04
1.000000000000000056e-01 5.012723350941241524e-03
1.500000000000000222e-01 1.032567019226311895e-02
2.000000000000000111e-01 4.515854880351441447e-02
2.500000000000000000e-01 7.678536059392464252e-02
3.000000000000000444e-01 2.171951993778708789e-01
3.500000000000000333e-01 2.211122357354753654e-01
4.000000000000000222e-01 1.642124336521744443e-01
4.500000000000000111e-01 1.041332933771668828e-01
5.000000000000000000e-01 8.652894592532549278e-02
5.500000000000000444e-01 2.448110824742745148e-02
6.000000000000000888e-01 1.938707664363792035e-02
6.500000000000000222e-01 9.480852375005658153e-03
7.000000000000000666e-01 3.049618839732840588e-03
7.500000000000000000e-01 3.512182676348411282e-03
8.000000000000000444e-01 2.182277800068133263e-04
8.500000000000000888e-01 7.548422912496082328e-04
9.000000000000000222e-01 1.490766366386249604e-03
9.500000000000000666e-01 0.000000000000000000e+00
1.000000000000000000e+00 0.000000000000000000e+00
1.050000000000000044e+00 8.972059978319590814e-04
1.100000000000000089e+00 1.286206993779824949e-03
1.150000000000000133e+00 5.911882054866312696e-04
1.200000000000000178e+00 0.000000000000000000e+00
1.250000000000000000e+00 5.761390932620606524e-04
1.300000000000000044e+00 0.000000000000000000e+00
1.350000000000000089e+00 2.505370704469976856e-04
1.400000000000000133e+00 0.000000000000000000e+00
1.450000000000000178e+00 0.000000000000000000e+00
1.500000000000000000e+00 4.209012232810410638e-04
1.550000000000000044e+00 4.697738537110315448e-04
1.600000000000000089e+00 0.000000000000000000e+00
1.650000000000000133e+00 0.000000000000000000e+00
1.700000000000000178e+00 4.136337342970376188e-04
1.750000000000000000e+00 0.000000000000000000e+00
1.800000000000000044e+00 0.000000000000000000e+00
1.850000000000000089e+00 4.750022361291327704e-04
1.900000000000000133e+00 0.000000000000000000e+00
1.950000000000000178e+00 0.000000000000000000e+00
2.000000000000000000e+00 0.000000000000000000e+00
2.050000000000000266e+00 0.000000000000000000e+00
2.100000000000000089e+00 0.000000000000000000e+00
2.149999999999999911e+00 0.000000000000000000e+00
2.200000000000000178e+00 0.000000000000000000e+00
2.250000000000000000e+00 0.000000000000000000e+00
2.300000000000000266e+00 0.000000000000000000e+00
2.350000000000000089e+00 0.000000000000000000e+00
2.400000000000000355e+00 0.000000000000000000e+00
2.450000000000000178e+00 0.000000000000000000e+00
2.500000000000000000e+00 0.000000000000000000e+00
2.550000000000000266e+00 0.000000000000000000e+00
2.600000000000000089e+00 0.000000000000000000e+00
2.650000000000000355e+00 0.000000000000000000e+00
2.700000000000000178e+00 0.000000000000000000e+00
2.750000000000000000e+00 0.000000000000000000e+00
2.800000000000000266e+00 0.000000000000000000e+00
2.850000000000000089e+00 0.000000000000000000e+00
2.900000000000000355e+00 0.000000000000000000e+00
2.950000000000000178e+00 0.000000000000000000e+00
3.000000000000000000e+00 0.000000000000000000e+00
3.050000000000000266e+00 0.000000000000000000e+00
3.100000000000000089e+00 0.000000000000000000e+00
3.150000000000000355e+00 0.000000000000000000e+00
3.200000000000000178e+00 0.000000000000000000e+00
3.250000000000000000e+00 0.000000000000000000e+00
3.300000000000000266e+00 1.172191138782383452e-04
3.350000000000000089e+00 0.000000000000000000e+00
3.400000000000000355e+00 0.000000000000000000e+00
3.450000000000000178e+00 0.000000000000000000e+00
3.500000000000000000e+00 0.000000000000000000e+00
3.550000000000000266e+00 3.119688668940398210e-04
3.600000000000000089e+00 0.000000000000000000e+00
3.650000000000000355e+00 0.000000000000000000e+00
3.700000000000000178e+00 0.000000000000000000e+00
3.750000000000000000e+00 0.000000000000000000e+00
3.800000000000000266e+00 0.000000000000000000e+00
3.850000000000000089e+00 2.613298450192293718e-04
3.900000000000000355e+00 0.000000000000000000e+00
3.950000000000000178e+00 0.000000000000000000e+00
4.000000000000000000e+00 0.000000000000000000e+00
4.049999999999999822e+00 0.000000000000000000e+00
4.100000000000000533e+00 0.000000000000000000e+00
4.150000000000000355e+00 0.000000000000000000e+00
4.200000000000000178e+00 0.000000000000000000e+00
4.250000000000000000e+00 0.000000000000000000e+00
4.299999999999999822e+00 0.000000000000000000e+00
4.350000000000000533e+00 0.000000000000000000e+00
4.400000000000000355e+00 0.000000000000000000e+00
4.450000000000000178e+00 0.000000000000000000e+00
4.500000000000000000e+00 0.000000000000000000e+00
4.549999999999999822e+00 0.000000000000000000e+00
4.600000000000000533e+00 0.000000000000000000e+00
4.650000000000000355e+00 0.000000000000000000e+00
4.700000000000000178e+00 0.000000000000000000e+00
4.750000000000000000e+00 0.000000000000000000e+00
4.800000000000000711e+00 0.000000000000000000e+00
4.850000000000000533e+00 0.000000000000000000e+00
4.900000000000000355e+00 0.000000000000000000e+00
4.950000000000000178e+00 0.000000000000000000e+00
5.000000000000000000e+00 0.000000000000000000e+00
5.050000000000000711e+00 0.000000000000000000e+00
5.100000000000000533e+00 0.000000000000000000e+00
5.150000000000000355e+00 0.000000000000000000e+00
5.200000000000000178e+00 0.000000000000000000e+00
5.250000000000000000e+00 0.000000000000000000e+00
5.300000000000000711e+00 0.000000000000000000e+00
5.350000000000000533e+00 0.000000000000000000e+00
5.400000000000000355e+00 0.000000000000000000e+00
5.450000000000000178e+00 0.000000000000000000e+00
5.500000000000000000e+00 0.000000000000000000e+00
5.550000000000000711e+00 0.000000000000000000e+00
5.600000000000000533e+00 0.000000000000000000e+00
5.650000000000000355e+00 0.000000000000000000e+00
5.700000000000000178e+00 0.000000000000000000e+00
5.750000000000000000e+00 0.000000000000000000e+00
5.800000000000000711e+00 0.000000000000000000e+00
5.850000000000000533e+00 0.000000000000000000e+00
5.900000000000000355e+00 0.000000000000000000e+00
5.950000000000000178e+00 0.000000000000000000e+00
