0.000000000000000000e+00 3.065623890589989626e-04
5.000000000000000278e-02 4.395553331324257270e-04
1.000000000000000056e-01 4.150607526287268924e-04
1.500000000000000222e-01 9.604072231718932193e-04
2.000000000000000111e-01 2.477405037823777762e-03
2.500000000000000000e-01 1.619780003827851148e-03
3.000000000000000444e-01 3.993195774702099077e-03
3.500000000000000333e-01 1.436351763461478489e-03
4.000000000000000222e-01 2.424661382644544786e-03
4.500000000000000111e-01 3.380973874938099193e-03
5.000000000000000000e-01 8.698797446800975858e-03
5.500000000000000444e-01 1.910398990945497144e-02
6.000000000000000888e-01 5.948788067856868034e-02
6.500000000000000222e-01 1.650534274317991268e-01
7.000000000000000666e-01 2.077734083113745578e-01
7.500000000000000000e-01 1.412331884767432932e-01
8.000000000000000444e-01 1.208458182190090546e-01
8.500000000000000888e-01 1.213677912234470135e-01
9.000000000000000222e-01 4.667765450960236623e-02
9.500000000000000666e-01 3.516137793700855468e-02
1.000000000000000000e+00 1.753748349856064023e-02
1.050000000000000044e+00 7.492302471220040581e-03
1.100000000000000089e+00 8.435625514085961715e-03
1.150000000000000133e+00 6.616586887406666201e-03
1.200000000000000178e+00 8.163086391506764461e-03
1.250000000000000000e+00 2.303520524811679664e-03
1.300000000000000044e+00 2.461957812357536569e-03
1.350000000000000089e+00 2.236887297015229589e-03
1.400000000000000133e+00 8.659195057379426687e-04
1.450000000000000178e+00 1.658419652484168806e-04
1.500000000000000000e+00 2.413147903710855966e-04
1.550000000000000044e+00 0.000000000000000000e+00
1.600000000000000089e+00 0.000000000000000000e+00
1.650000000000000133e+00 0.000000000000000000e+00
1.700000000000000178e+00 1.404205641773589245e-04
1.750000000000000000e+00 4.379521995841332345e-05
1.800000000000000044e+00 1.133498623898332257e-04
1.850000000000000089e+00 5.214703732297113576e-04
1.900000000000000133e+00 2.177388006984085989e-04
1.950000000000000178e+00 2.746527668394843397e-04
2.000000000000000000e+00 0.000000000000000000e+00
2.050000000000000266e+00 0.000000000000000000e+00
2.100000000000000089e+00 0.000000000000000000e+00
2.149999999999999911e+00 2.229092410306450514e-05
2.200000000000000178e+00 5.861948168640782834e-04
2.250000000000000000e+00 0.000000000000000000e+00
2.300000000000000266e+00 0.000000000000000000e+00
2.350000000000000089e+00 0.000000000000000000e+00
2.400000000000000355e+00 2.026690277682302544e-04
2.450000000000000178e+00 0.000000000000000000e+00
2.500000000000000000e+00 0.000000000000000000e+00
2.550000000000000266e+00 1.365469762234945695e-04
2.600000000000000089e+00 0.000000000000000000e+00
2.650000000000000355e+00 0.000000000000000000e+00
2.700000000000000178e+00 0.000000000000000000e+00
2.750000000000000000e+00 0.000000000000000000e+00
2.800000000000000266e+00 0.000000000000000000e+00
2.850000000000000089e+00 0.000000000000000000e+00
2.900000000000000355e+00 0.000000000000000000e+00
2.950000000000000178e+00 0.000000000000000000e+00
3.000000000000000000e+00 7.440011228003049393e-05
3.050000000000000266e+00 0.000000000000000000e+00
3.100000000000000089e+00 0.000000000000000000e+00
3.150000000000000355e+00 0.000000000000000000e+00
3.200000000000000178e+00 0.000000000000000000e+00
3.250000000000000000e+00 0.000000000000000000e+00
3.300000000000000266e+00 0.000000000000000000e+00
3.350000000000000089e+00 0.000000000000000000e+00
3.400000000000000355e+00 0.000000000000000000e+00
3.450000000000000178e+00 0.000000000000000000e+00
3.500000000000000000e+00 0.000000000000000000e+00
3.550000000000000266e+00 0.000000000000000000e+00
3.600000000000000089e+00 0.000000000000000000e+00
3.650000000000000355e+00 0.000000000000000000e+00
3.700000000000000178e+00 0.000000000000000000e+00
3.750000000000000000e+00 0.000000000000000000e+00
3.800000000000000266e+00 0.000000000000000000e+00
3.850000000000000089e+00 0.000000000000000000e+00
3.900000000000000355e+00 0.000000000000000000e+00
3.950000000000000178e+00 0.000000000000000000e+00
4.000000000000000000e+00 0.000000000000000000e+00
4.049999999999999822e+00 0.000000000000000000e+00
4.100000000000000533e+00 0.000000000000000000e+00
4.150000000000000355e+00 0.000000000000000000e+00
4.200000000000000178e+00 0.000000000000000000e+00
4.250000000000000000e+00 0.000000000000000000e+00
4.299999999999999822e+00 0.000000000000000000e+00
4.350000000000000533e+00 0.000000000000000000e+00
4.400000000000000355e+00 0.000000000000000000e+00
4.450000000000000178e+00 0.000000000000000000e+00
4.500000000000000000e+00 0.000000000000000000e+00
4.549999999999999822e+00 0.000000000000000000e+00
4.600000000000000533e+00 0.000000000000000000e+00
4.650000000000000355e+00 0.000000000000000000e+00
4.700000000000000178e+00 0.000000000000000000e+00
4.750000000000000000e+00 0.000000000000000000e+00
4.800000000000000711e+00 0.000000000000000000e+00
4.850000000000000533e+00 0.000000000000000000e+00
4.900000000000000355e+00 0.000000000000000000e+00
4.950000000000000178e+00 0.000000000000000000e+00
5.000000000000000000e+00 0.000000000000000000e+00
5.050000000000000711e+00 0.000000000000000000e+00
5.100000000000000533e+00 0.000000000000000000e+00
5.150000000000000355e+00 0.000000000000000000e+00
5.200000000000000178e+00 0.000000000000000000e+00
5.250000000000000000e+00 0.000000000000000000e+00
5.300000000000000711e+00 0.000000000000000000e+00
5.350000000000000533e+00 0.000000000000000000e+00
5.400000000000000355e+00 0.000000000000000000e+00
5.450000000000000178e+00 0.000000000000000000e+00
5.500000000000000000e+00 0.000000000000000000e+00
5.550000000000000711e+00 0.000000000000000000e+00
5.600000000000000533e+00 0.000000000000000000e+00
5.650000000000000355e+00 0.000000000000000000e+00
5.700000000000000178e+00 0.000000000000000000e+00
5.750000000000000000e+00 0.000000000000000000e+00
5.800000000000000711e+00 0.000000000000000000e+00
5.850000000000000533e+00 0.000000000000000000e+00
5.900000000000000355e+00 0.000000000000000000e+00
5.950000000000000178e+00 0.000000000000000000e+00
