0.000000000000000000e+00 3.106940602860225700e-04
5.000000000000000278e-02 4.559883408304758745e-04
1.000000000000000056e-01 3.311506917527844477e-04
1.500000000000000222e-01 1.076497387732955596e-03
2.000000000000000111e-01 2.494262154536899898e-03
2.500000000000000000e-01 1.439687745503338790e-03
3.000000000000000444e-01 4.120510940986566416e-03
3.500000000000000333e-01 1.375084928379270970e-03
4.000000000000000222e-01 2.107941949746307102e-03
4.500000000000000111e-01 3.491339672703930308e-03
5.000000000000000000e-01 8.997417022820896823e-03
5.500000000000000444e-01 1.917756042798058821e-02
6.000000000000000888e-01 5.831622661161980914e-02
6.500000000000000222e-01 1.640016798614937210e-01
7.000000000000000666e-01 2.054954678790213984e-01
7.500000000000000000e-01 1.414602976709612436e-01
8.000000000000000444e-01 1.215532455907452347e-01
8.500000000000000888e-01 1.225004645263031294e-01
9.000000000000000222e-01 4.678044820625002626e-02
9.500000000000000666e-01 3.568305017114294098e-02
1.000000000000000000e+00 1.826158171261552457e-02
1.050000000000000044e+00 7.507854486648154503e-03
1.100000000000000089e+00 9.058830470059080556e-03
1.150000000000000133e+00 6.595889466900264723e-03
1.200000000000000178e+00 8.062410261603123601e-03
1.250000000000000000e+00 2.451847627740376227e-03
1.300000000000000044e+00 2.411013999475744834e-03
1.350000000000000089e+00 2.232516147687180989e-03
1.400000000000000133e+00 9.015740693026207554e-04
1.450000000000000178e+00 2.124540780818143931e-04
1.500000000000000000e+00 2.891035609615757746e-04
1.550000000000000044e+00 0.000000000000000000e+00
1.600000000000000089e+00 0.000000000000000000e+00
1.650000000000000133e+00 0.000000000000000000e+00
1.700000000000000178e+00 1.136430696455229737e-04
1.750000000000000000e+00 5.605753227167041276e-05
1.800000000000000044e+00 1.161699797027743018e-04
1.850000000000000089e+00 5.196965090166371553e-04
1.900000000000000133e+00 2.310252180506525306e-04
1.950000000000000178e+00 2.744882165529980594e-04
2.000000000000000000e+00 0.000000000000000000e+00
2.050000000000000266e+00 0.000000000000000000e+00
2.100000000000000089e+00 0.000000000000000000e+00
2.149999999999999911e+00 2.017568208183787178e-05
2.200000000000000178e+00 5.242936793324083633e-04
2.250000000000000000e+00 0.000000000000000000e+00
2.300000000000000266e+00 0.000000000000000000e+00
2.350000000000000089e+00 0.000000000000000000e+00
2.400000000000000355e+00 2.055274154489378105e-04
2.450000000000000178e+00 0.000000000000000000e+00
2.500000000000000000e+00 0.000000000000000000e+00
2.550000000000000266e+00 1.262823586636870423e-04
2.600000000000000089e+00 0.000000000000000000e+00
2.650000000000000355e+00 0.000000000000000000e+00
2.700000000000000178e+00 0.000000000000000000e+00
2.750000000000000000e+00 0.000000000000000000e+00
2.800000000000000266e+00 0.000000000000000000e+00
2.850000000000000089e+00 0.000000000000000000e+00
2.900000000000000355e+00 0.000000000000000000e+00
2.950000000000000178e+00 0.000000000000000000e+00
3.000000000000000000e+00 1.391362487136222248e-04
3.050000000000000266e+00 0.000000000000000000e+00
3.100000000000000089e+00 0.000000000000000000e+00
3.150000000000000355e+00 0.000000000000000000e+00
3.200000000000000178e+00 0.000000000000000000e+00
3.250000000000000000e+00 0.000000000000000000e+00
3.300000000000000266e+00 0.000000000000000000e+00
3.350000000000000089e+00 0.000000000000000000e+00
3.400000000000000355e+00 0.000000000000000000e+00
3.450000000000000178e+00 0.000000000000000000e+00
3.500000000000000000e+00 0.000000000000000000e+00
3.550000000000000266e+00 0.000000000000000000e+00
3.600000000000000089e+00 0.000000000000000000e+00
3.650000000000000355e+00 0.000000000000000000e+00
3.700000000000000178e+00 0.000000000000000000e+00
3.750000000000000000e+00 0.000000000000000000e+00
3.800000000000000266e+00 0.000000000000000000e+00
3.850000000000000089e+00 0.000000000000000000e+00
3.900000000000000355e+00 0.000000000000000000e+00
3.950000000000000178e+00 0.000000000000000000e+00
4.000000000000000000e+00 0.000000000000000000e+00
4.049999999999999822e+00 0.000000000000000000e+00
4.100000000000000533e+00 0.000000000000000000e+00
4.150000000000000355e+00 0.000000000000000000e+00
4.200000000000000178e+00 0.000000000000000000e+00
4.250000000000000000e+00 0.000000000000000000e+00
4.299999999999999822e+00 0.000000000000000000e+00
4.350000000000000533e+00 0.000000000000000000e+00
4.400000000000000355e+00 0.000000000000000000e+00
4.450000000000000178e+00 0.000000000000000000e+00
4.500000000000000000e+00 0.000000000000000000e+00
4.549999999999999822e+00 0.000000000000000000e+00
4.600000000000000533e+00 0.000000000000000000e+00
4.650000000000000355e+00 0.000000000000000000e+00
4.700000000000000178e+00 0.000000000000000000e+00
4.750000000000000000e+00 0.000000000000000000e+00
4.800000000000000711e+00 0.000000000000000000e+00
4.850000000000000533e+00 0.000000000000000000e+00
4.900000000000000355e+00 0.000000000000000000e+00
4.950000000000000178e+00 0.000000000000000000e+00
5.000000000000000000e+00 0.000000000000000000e+00
5.050000000000000711e+00 0.000000000000000000e+00
5.100000000000000533e+00 0.000000000000000000e+00
5.150000000000000355e+00 0.000000000000000000e+00
5.200000000000000178e+00 0.000000000000000000e+00
5.250000000000000000e+00 0.000000000000000000e+00
5.300000000000000711e+00 0.000000000000000000e+00
5.350000000000000533e+00 0.000000000000000000e+00
5.400000000000000355e+00 0.000000000000000000e+00
5.450000000000000178e+00 0.000000000000000000e+00
5.500000000000000000e+00 0.000000000000000000e+00
5.550000000000000711e+00 0.000000000000000000e+00
5.600000000000000533e+00 0.000000000000000000e+00
5.650000000000000355e+00 0.000000000000000000e+00
5.700000000000000178e+00 0.000000000000000000e+00
5.750000000000000000e+00 0.000000000000000000e+00
5.800000000000000711e+00 0.000000000000000000e+00
5.850000000000000533e+00 0.000000000000000000e+00
5.900000000000000355e+00 0.000000000000000000e+00
5.950000000000000178e+00 0.000000000000000000e+00
