0.000000000000000000e+00 7.619737066169618954e-03
5.000000000000000278e-02 2.178900336903723603e-02
1.000000000000000056e-01 1.492737624943507591e-01
1.500000000000000222e-01 1.278395205503033705e-01
2.000000000000000111e-01 2.914335420381500841e-01
2.500000000000000000e-01 1.538739365067454401e-01
3.000000000000000444e-01 1.102439554005970046e-01
3.500000000000000333e-01 4.616692345282439464e-02
4.000000000000000222e-01 2.723439573408764983e-02
4.500000000000000111e-01 1.060021041759466078e-02
5.000000000000000000e-01 2.337944030981418606e-02
5.500000000000000444e-01 3.584371548241677575e-03
6.000000000000000888e-01 7.148345071285036427e-03
6.500000000000000222e-01 3.629283584693239646e-03
7.000000000000000666e-01 2.490732269432879495e-03
7.500000000000000000e-01 6.703158647754886047e-03
8.000000000000000444e-01 2.615338229442687110e-03
8.500000000000000888e-01 0.000000000000000000e+00
9.000000000000000222e-01 0.000000000000000000e+00
9.500000000000000666e-01 0.000000000000000000e+00
1.000000000000000000e+00 0.000000000000000000e+00
1.050000000000000044e+00 0.000000000000000000e+00
1.100000000000000089e+00 1.306446496595378487e-03
1.150000000000000133e+00 0.000000000000000000e+00
1.200000000000000178e+00 5.213131181658178705e-04
1.250000000000000000e+00 4.282242476301729300e-04
1.300000000000000044e+00 0.000000000000000000e+00
1.350000000000000089e+00 0.000000000000000000e+00
1.400000000000000133e+00 0.000000000000000000e+00
1.450000000000000178e+00 0.000000000000000000e+00
1.500000000000000000e+00 8.869520166639961256e-04
1.550000000000000044e+00 0.000000000000000000e+00
1.600000000000000089e+00 0.000000000000000000e+00
1.650000000000000133e+00 2.947327899213906914e-04
1.700000000000000178e+00 0.000000000000000000e+00
1.750000000000000000e+00 0.000000000000000000e+00
1.800000000000000044e+00 9.500165874646887988e-04
1.850000000000000089e+00 0.000000000000000000e+00
1.900000000000000133e+00 0.000000000000000000e+00
1.950000000000000178e+00 7.287005914659328574e-04
2.000000000000000000e+00 5.694343350443391251e-04
2.050000000000000266e+00 0.000000000000000000e+00
2.100000000000000089e+00 4.282242476301729300e-04
2.149999999999999911e+00 0.000000000000000000e+00
2.200000000000000178e+00 0.000000000000000000e+00
2.250000000000000000e+00 0.000000000000000000e+00
2.300000000000000266e+00 0.000000000000000000e+00
2.350000000000000089e+00 0.000000000000000000e+00
2.400000000000000355e+00 1.913661028226910866e-04
2.450000000000000178e+00 0.000000000000000000e+00
2.500000000000000000e+00 2.211747392949839895e-04
2.550000000000000266e+00 4.282242476301729300e-04
2.600000000000000089e+00 0.000000000000000000e+00
2.650000000000000355e+00 0.000000000000000000e+00
2.700000000000000178e+00 4.553395391793106000e-04
2.750000000000000000e+00 0.000000000000000000e+00
2.800000000000000266e+00 8.646835472793713319e-04
2.850000000000000089e+00 0.000000000000000000e+00
2.900000000000000355e+00 0.000000000000000000e+00
2.950000000000000178e+00 0.000000000000000000e+00
3.000000000000000000e+00 0.000000000000000000e+00
3.050000000000000266e+00 0.000000000000000000e+00
3.100000000000000089e+00 0.000000000000000000e+00
3.150000000000000355e+00 0.000000000000000000e+00
3.200000000000000178e+00 0.000000000000000000e+00
3.250000000000000000e+00 0.000000000000000000e+00
3.300000000000000266e+00 0.000000000000000000e+00
3.350000000000000089e+00 0.000000000000000000e+00
3.400000000000000355e+00 0.000000000000000000e+00
3.450000000000000178e+00 0.000000000000000000e+00
3.500000000000000000e+00 0.000000000000000000e+00
3.550000000000000266e+00 0.000000000000000000e+00
3.600000000000000089e+00 0.000000000000000000e+00
3.650000000000000355e+00 0.000000000000000000e+00
3.700000000000000178e+00 0.000000000000000000e+00
3.750000000000000000e+00 0.000000000000000000e+00
3.800000000000000266e+00 0.000000000000000000e+00
3.850000000000000089e+00 0.000000000000000000e+00
3.900000000000000355e+00 0.000000000000000000e+00
3.950000000000000178e+00 0.000000000000000000e+00
4.000000000000000000e+00 0.000000000000000000e+00
4.049999999999999822e+00 0.000000000000000000e+00
4.100000000000000533e+00 0.000000000000000000e+00
4.150000000000000355e+00 0.000000000000000000e+00
4.200000000000000178e+00 0.000000000000000000e+00
4.250000000000000000e+00 0.000000000000000000e+00
4.299999999999999822e+00 0.000000000000000000e+00
4.350000000000000533e+00 0.000000000000000000e+00
4.400000000000000355e+00 0.000000000000000000e+00
4.450000000000000178e+00 0.000000000000000000e+00
4.500000000000000000e+00 0.000000000000000000e+00
4.549999999999999822e+00 0.000000000000000000e+00
4.600000000000000533e+00 0.000000000000000000e+00
4.650000000000000355e+00 0.000000000000000000e+00
4.700000000000000178e+00 0.000000000000000000e+00
4.750000000000000000e+00 0.000000000000000000e+00
4.800000000000000711e+00 0.000000000000000000e+00
4.850000000000000533e+00 0.000000000000000000e+00
4.900000000000000355e+00 0.000000000000000000e+00
4.950000000000000178e+00 0.000000000000000000e+00
5.000000000000000000e+00 0.000000000000000000e+00
5.050000000000000711e+00 0.000000000000000000e+00
5.100000000000000533e+00 0.000000000000000000e+00
5.150000000000000355e+00 0.000000000000000000e+00
5.200000000000000178e+00 0.000000000000000000e+00
5.250000000000000000e+00 0.000000000000000000e+00
5.300000000000000711e+00 0.000000000000000000e+00
5.350000000000000533e+00 0.000000000000000000e+00
5.400000000000000355e+00 0.000000000000000000e+00
5.450000000000000178e+00 0.000000000000000000e+00
5.500000000000000000e+00 0.000000000000000000e+00
5.550000000000000711e+00 0.000000000000000000e+00
5.600000000000000533e+00 0.000000000000000000e+00
5.650000000000000355e+00 0.000000000000000000e+00
5.700000000000000178e+00 0.000000000000000000e+00
5.750000000000000000e+00 0.000000000000000000e+00
5.800000000000000711e+00 0.000000000000000000e+00
5.850000000000000533e+00 0.000000000000000000e+00
5.900000000000000355e+00 0.000000000000000000e+00
5.950000000000000178e+00 0.000000000000000000e+00
