0.000000000000000000e+00 0.000000000000000000e+00
5.000000000000000278e-02 1.265296800118831009e-04
1.000000000000000056e-01 7.604565681574517073e-04
1.500000000000000222e-01 3.726087465114884972e-04
2.000000000000000111e-01 6.333953126219170988e-04
2.500000000000000000e-01 1.246298742481954458e-03
3.000000000000000444e-01 2.685866540381634700e-03
3.500000000000000333e-01 1.573605057319981499e-03
4.000000000000000222e-01 2.358756481970122280e-03
4.500000000000000111e-01 3.043038988836357928e-03
5.000000000000000000e-01 4.522390647851447232e-03
5.500000000000000444e-01 8.607864905593563473e-03
6.000000000000000888e-01 2.190083183949288054e-02
6.500000000000000222e-01 4.001985962890368398e-02
7.000000000000000666e-01 7.135296201293071794e-02
7.500000000000000000e-01 6.685173776137462442e-02
8.000000000000000444e-01 9.009135676236398882e-02
8.500000000000000888e-01 1.355485860033374956e-01
9.000000000000000222e-01 9.042964600216378546e-02
9.500000000000000666e-01 9.805940756161087013e-02
1.000000000000000000e+00 9.739845467948458901e-02
1.050000000000000044e+00 4.967714723754977635e-02
1.100000000000000089e+00 5.059964698435786418e-02
1.150000000000000133e+00 3.987235540852950705e-02
1.200000000000000178e+00 4.374347260609111332e-02
1.250000000000000000e+00 2.622988643036482104e-02
1.300000000000000044e+00 1.693268528718413699e-02
1.350000000000000089e+00 1.694199997775432120e-02
1.400000000000000133e+00 7.606964628038975773e-03
1.450000000000000178e+00 2.596046597382695251e-03
1.500000000000000000e+00 1.397558485035270111e-03
1.550000000000000044e+00 1.947413854517472459e-04
1.600000000000000089e+00 6.792613974457425638e-04
1.650000000000000133e+00 6.167896418049020500e-04
1.700000000000000178e+00 3.899309660389505775e-04
1.750000000000000000e+00 6.367914670766988737e-04
1.800000000000000044e+00 8.432467407188176320e-04
1.850000000000000089e+00 1.511022895986886723e-06
1.900000000000000133e+00 1.508627780694984368e-03
1.950000000000000178e+00 4.360579262045144000e-04
2.000000000000000000e+00 1.222359172189593866e-03
2.050000000000000266e+00 7.652203351762845631e-04
2.100000000000000089e+00 1.487049941719682377e-04
2.149999999999999911e+00 1.330927739461068473e-04
2.200000000000000178e+00 1.143136030129444431e-04
2.250000000000000000e+00 3.743660892181525598e-04
2.300000000000000266e+00 4.567509052055616198e-04
2.350000000000000089e+00 5.388059015191796770e-05
2.400000000000000355e+00 4.182636822005877312e-04
2.450000000000000178e+00 1.102333156421408153e-04
2.500000000000000000e+00 6.964638821319981405e-06
2.550000000000000266e+00 3.009888548463073195e-04
2.600000000000000089e+00 0.000000000000000000e+00
2.650000000000000355e+00 7.686560534007223690e-04
2.700000000000000178e+00 2.204952686238392323e-04
2.750000000000000000e+00 1.348555615941482337e-06
2.800000000000000266e+00 4.225274970355063147e-06
2.850000000000000089e+00 0.000000000000000000e+00
2.900000000000000355e+00 0.000000000000000000e+00
2.950000000000000178e+00 0.000000000000000000e+00
3.000000000000000000e+00 0.000000000000000000e+00
3.050000000000000266e+00 0.000000000000000000e+00
3.100000000000000089e+00 0.000000000000000000e+00
3.150000000000000355e+00 0.000000000000000000e+00
3.200000000000000178e+00 0.000000000000000000e+00
3.250000000000000000e+00 9.973829044406852816e-06
3.300000000000000266e+00 0.000000000000000000e+00
3.350000000000000089e+00 0.000000000000000000e+00
3.400000000000000355e+00 0.000000000000000000e+00
3.450000000000000178e+00 0.000000000000000000e+00
3.500000000000000000e+00 0.000000000000000000e+00
3.550000000000000266e+00 0.000000000000000000e+00
3.600000000000000089e+00 0.000000000000000000e+00
3.650000000000000355e+00 0.000000000000000000e+00
3.700000000000000178e+00 0.000000000000000000e+00
3.750000000000000000e+00 0.000000000000000000e+00
3.800000000000000266e+00 0.000000000000000000e+00
3.850000000000000089e+00 0.000000000000000000e+00
3.900000000000000355e+00 0.000000000000000000e+00
3.950000000000000178e+00 0.000000000000000000e+00
4.000000000000000000e+00 0.000000000000000000e+00
4.049999999999999822e+00 0.000000000000000000e+00
4.100000000000000533e+00 0.000000000000000000e+00
4.150000000000000355e+00 0.000000000000000000e+00
4.200000000000000178e+00 0.000000000000000000e+00
4.250000000000000000e+00 0.000000000000000000e+00
4.299999999999999822e+00 0.000000000000000000e+00
4.350000000000000533e+00 0.000000000000000000e+00
4.400000000000000355e+00 0.000000000000000000e+00
4.450000000000000178e+00 0.000000000000000000e+00
4.500000000000000000e+00 1.377141775313588253e-04
4.549999999999999822e+00 0.000000000000000000e+00
4.600000000000000533e+00 0.000000000000000000e+00
4.650000000000000355e+00 0.000000000000000000e+00
4.700000000000000178e+00 0.000000000000000000e+00
4.750000000000000000e+00 0.000000000000000000e+00
4.800000000000000711e+00 0.000000000000000000e+00
4.850000000000000533e+00 0.000000000000000000e+00
4.900000000000000355e+00 0.000000000000000000e+00
4.950000000000000178e+00 0.000000000000000000e+00
5.000000000000000000e+00 0.000000000000000000e+00
5.050000000000000711e+00 0.000000000000000000e+00
5.100000000000000533e+00 0.000000000000000000e+00
5.150000000000000355e+00 0.000000000000000000e+00
5.200000000000000178e+00 0.000000000000000000e+00
5.250000000000000000e+00 0.000000000000000000e+00
5.300000000000000711e+00 0.000000000000000000e+00
5.350000000000000533e+00 0.000000000000000000e+00
5.400000000000000355e+00 0.000000000000000000e+00
5.450000000000000178e+00 0.000000000000000000e+00
5.500000000000000000e+00 0.000000000000000000e+00
5.550000000000000711e+00 0.000000000000000000e+00
5.600000000000000533e+00 0.000000000000000000e+00
5.650000000000000355e+00 0.000000000000000000e+00
5.700000000000000178e+00 0.000000000000000000e+00
5.750000000000000000e+00 0.000000000000000000e+00
5.800000000000000711e+00 0.000000000000000000e+00
5.850000000000000533e+00 0.000000000000000000e+00
5.900000000000000355e+00 0.000000000000000000e+00
5.950000000000000178e+00 0.000000000000000000e+00
