0.000000000000000000e+00 1.111815091334052456e-03
5.000000000000000278e-02 7.019034843284714578e-04
1.000000000000000056e-01 3.894846480545932892e-03
1.500000000000000222e-01 9.804626276338832339e-03
2.000000000000000111e-01 2.209743159186826345e-02
2.500000000000000000e-01 2.866380188315805974e-02
3.000000000000000444e-01 5.424882178607634553e-02
3.500000000000000333e-01 4.691698735337502396e-02
4.000000000000000222e-01 5.336956745470159552e-02
4.500000000000000111e-01 8.498389145332632677e-02
5.000000000000000000e-01 1.682617228416619370e-01
5.500000000000000444e-01 1.319365097156458000e-01
6.000000000000000888e-01 1.558053057010219400e-01
6.500000000000000222e-01 1.331479018578792806e-01
7.000000000000000666e-01 5.236553997991438836e-02
7.500000000000000000e-01 1.721530844637984836e-02
8.000000000000000444e-01 7.816527719568772820e-03
8.500000000000000888e-01 7.479900258917416417e-03
9.000000000000000222e-01 1.234408317077413360e-03
9.500000000000000666e-01 2.213534799202332426e-03
1.000000000000000000e+00 3.697065921865681695e-03
1.050000000000000044e+00 1.746587759838374694e-03
1.100000000000000089e+00 2.546122100048079685e-03
1.150000000000000133e+00 2.302933587243290951e-03
1.200000000000000178e+00 1.336311036387299173e-03
1.250000000000000000e+00 7.469165901071932829e-04
1.300000000000000044e+00 8.239261387472396076e-04
1.350000000000000089e+00 6.213562145026881728e-04
1.400000000000000133e+00 2.230857629100732327e-04
1.450000000000000178e+00 0.000000000000000000e+00
1.500000000000000000e+00 4.546668571911918885e-04
1.550000000000000044e+00 0.000000000000000000e+00
1.600000000000000089e+00 0.000000000000000000e+00
1.650000000000000133e+00 0.000000000000000000e+00
1.700000000000000178e+00 3.824652137639560990e-04
1.750000000000000000e+00 0.000000000000000000e+00
1.800000000000000044e+00 0.000000000000000000e+00
1.850000000000000089e+00 1.856263936564154495e-04
1.900000000000000133e+00 0.000000000000000000e+00
1.950000000000000178e+00 0.000000000000000000e+00
2.000000000000000000e+00 1.600161075699765137e-05
2.050000000000000266e+00 2.496441802955542402e-04
2.100000000000000089e+00 0.000000000000000000e+00
2.149999999999999911e+00 0.000000000000000000e+00
2.200000000000000178e+00 3.507751926572011208e-04
2.250000000000000000e+00 0.000000000000000000e+00
2.300000000000000266e+00 0.000000000000000000e+00
2.350000000000000089e+00 1.004667718351654658e-04
2.400000000000000355e+00 1.271926819120520102e-04
2.450000000000000178e+00 2.646373872655793941e-05
2.500000000000000000e+00 2.302618272039190473e-04
2.550000000000000266e+00 0.000000000000000000e+00
2.600000000000000089e+00 0.000000000000000000e+00
2.650000000000000355e+00 3.092297312106699787e-04
2.700000000000000178e+00 0.000000000000000000e+00
2.750000000000000000e+00 0.000000000000000000e+00
2.800000000000000266e+00 3.752626482757599096e-04
2.850000000000000089e+00 0.000000000000000000e+00
2.900000000000000355e+00 4.067794152854809604e-05
2.950000000000000178e+00 0.000000000000000000e+00
3.000000000000000000e+00 1.296569788926393038e-04
3.050000000000000266e+00 0.000000000000000000e+00
3.100000000000000089e+00 0.000000000000000000e+00
3.150000000000000355e+00 0.000000000000000000e+00
3.200000000000000178e+00 0.000000000000000000e+00
3.250000000000000000e+00 3.594039223857294291e-04
3.300000000000000266e+00 0.000000000000000000e+00
3.350000000000000089e+00 0.000000000000000000e+00
3.400000000000000355e+00 0.000000000000000000e+00
3.450000000000000178e+00 2.241644102003525303e-04
3.500000000000000000e+00 0.000000000000000000e+00
3.550000000000000266e+00 1.237849149315087488e-04
3.600000000000000089e+00 0.000000000000000000e+00
3.650000000000000355e+00 0.000000000000000000e+00
3.700000000000000178e+00 0.000000000000000000e+00
3.750000000000000000e+00 0.000000000000000000e+00
3.800000000000000266e+00 0.000000000000000000e+00
3.850000000000000089e+00 0.000000000000000000e+00
3.900000000000000355e+00 0.000000000000000000e+00
3.950000000000000178e+00 0.000000000000000000e+00
4.000000000000000000e+00 0.000000000000000000e+00
4.049999999999999822e+00 0.000000000000000000e+00
4.100000000000000533e+00 0.000000000000000000e+00
4.150000000000000355e+00 0.000000000000000000e+00
4.200000000000000178e+00 0.000000000000000000e+00
4.250000000000000000e+00 0.000000000000000000e+00
4.299999999999999822e+00 0.000000000000000000e+00
4.350000000000000533e+00 0.000000000000000000e+00
4.400000000000000355e+00 0.000000000000000000e+00
4.450000000000000178e+00 0.000000000000000000e+00
4.500000000000000000e+00 0.000000000000000000e+00
4.549999999999999822e+00 0.000000000000000000e+00
4.600000000000000533e+00 0.000000000000000000e+00
4.650000000000000355e+00 0.000000000000000000e+00
4.700000000000000178e+00 0.000000000000000000e+00
4.750000000000000000e+00 0.000000000000000000e+00
4.800000000000000711e+00 0.000000000000000000e+00
4.850000000000000533e+00 0.000000000000000000e+00
4.900000000000000355e+00 0.000000000000000000e+00
4.950000000000000178e+00 0.000000000000000000e+00
5.000000000000000000e+00 0.000000000000000000e+00
5.050000000000000711e+00 0.000000000000000000e+00
5.100000000000000533e+00 0.000000000000000000e+00
5.150000000000000355e+00 0.000000000000000000e+00
5.200000000000000178e+00 0.000000000000000000e+00
5.250000000000000000e+00 0.000000000000000000e+00
5.300000000000000711e+00 0.000000000000000000e+00
5.350000000000000533e+00 0.000000000000000000e+00
5.400000000000000355e+00 0.000000000000000000e+00
5.450000000000000178e+00 0.000000000000000000e+00
5.500000000000000000e+00 0.000000000000000000e+00
5.550000000000000711e+00 0.000000000000000000e+00
5.600000000000000533e+00 0.000000000000000000e+00
5.650000000000000355e+00 0.000000000000000000e+00
5.700000000000000178e+00 0.000000000000000000e+00
5.750000000000000000e+00 0.000000000000000000e+00
5.800000000000000711e+00 0.000000000000000000e+00
5.850000000000000533e+00 0.000000000000000000e+00
5.900000000000000355e+00 0.000000000000000000e+00
5.950000000000000178e+00 0.000000000000000000e+00
