0.000000000000000000e+00 9.990555372827196121e-04
5.000000000000000278e-02 7.578286201595515288e-04
1.000000000000000056e-01 4.156292535893773600e-03
1.500000000000000222e-01 1.089534599289879689e-02
2.000000000000000111e-01 2.174803442656212532e-02
2.500000000000000000e-01 2.880949929202370613e-02
3.000000000000000444e-01 5.426985455038979556e-02
3.500000000000000333e-01 4.510657548800380001e-02
4.000000000000000222e-01 5.295594173915024044e-02
4.500000000000000111e-01 8.137974581101511951e-02
5.000000000000000000e-01 1.593908222259207974e-01
5.500000000000000444e-01 1.284608067283867228e-01
6.000000000000000888e-01 1.554604154042805719e-01
6.500000000000000222e-01 1.360050985635603282e-01
7.000000000000000666e-01 5.715003429690815318e-02
7.500000000000000000e-01 1.997749111533778099e-02
8.000000000000000444e-01 9.492485549487133037e-03
8.500000000000000888e-01 8.469651086556471975e-03
9.000000000000000222e-01 1.607475682662330013e-03
9.500000000000000666e-01 2.693095240960467675e-03
1.000000000000000000e+00 4.437670593220023781e-03
1.050000000000000044e+00 2.004921076425624730e-03
1.100000000000000089e+00 3.069402723383356842e-03
1.150000000000000133e+00 2.481666504579468045e-03
1.200000000000000178e+00 1.512105094930186241e-03
1.250000000000000000e+00 8.649638181483190096e-04
1.300000000000000044e+00 1.044939697966724718e-03
1.350000000000000089e+00 8.784840095966573587e-04
1.400000000000000133e+00 2.245043868460490811e-04
1.450000000000000178e+00 0.000000000000000000e+00
1.500000000000000000e+00 5.454196515517049535e-04
1.550000000000000044e+00 0.000000000000000000e+00
1.600000000000000089e+00 0.000000000000000000e+00
1.650000000000000133e+00 0.000000000000000000e+00
1.700000000000000178e+00 3.002253859639791400e-04
1.750000000000000000e+00 0.000000000000000000e+00
1.800000000000000044e+00 0.000000000000000000e+00
1.850000000000000089e+00 1.731238001343507731e-04
1.900000000000000133e+00 0.000000000000000000e+00
1.950000000000000178e+00 0.000000000000000000e+00
2.000000000000000000e+00 3.001061018117600821e-05
2.050000000000000266e+00 3.170439624790510284e-04
2.100000000000000089e+00 0.000000000000000000e+00
2.149999999999999911e+00 0.000000000000000000e+00
2.200000000000000178e+00 3.058144703079504175e-04
2.250000000000000000e+00 0.000000000000000000e+00
2.300000000000000266e+00 0.000000000000000000e+00
2.350000000000000089e+00 1.167766938882524067e-04
2.400000000000000355e+00 1.960023329150835196e-04
2.450000000000000178e+00 4.112968699809303546e-05
2.500000000000000000e+00 3.033071235134937593e-04
2.550000000000000266e+00 0.000000000000000000e+00
2.600000000000000089e+00 0.000000000000000000e+00
2.650000000000000355e+00 3.153475762030488717e-04
2.700000000000000178e+00 0.000000000000000000e+00
2.750000000000000000e+00 0.000000000000000000e+00
2.800000000000000266e+00 3.928359149144820817e-04
2.850000000000000089e+00 0.000000000000000000e+00
2.900000000000000355e+00 5.525808830243005693e-05
2.950000000000000178e+00 0.000000000000000000e+00
3.000000000000000000e+00 1.564092718773538138e-04
3.050000000000000266e+00 0.000000000000000000e+00
3.100000000000000089e+00 0.000000000000000000e+00
3.150000000000000355e+00 0.000000000000000000e+00
3.200000000000000178e+00 0.000000000000000000e+00
3.250000000000000000e+00 3.609699854023711301e-04
3.300000000000000266e+00 0.000000000000000000e+00
3.350000000000000089e+00 0.000000000000000000e+00
3.400000000000000355e+00 0.000000000000000000e+00
3.450000000000000178e+00 1.902671153282485918e-04
3.500000000000000000e+00 0.000000000000000000e+00
3.550000000000000266e+00 1.429671730362808081e-04
3.600000000000000089e+00 0.000000000000000000e+00
3.650000000000000355e+00 0.000000000000000000e+00
3.700000000000000178e+00 0.000000000000000000e+00
3.750000000000000000e+00 0.000000000000000000e+00
3.800000000000000266e+00 0.000000000000000000e+00
3.850000000000000089e+00 0.000000000000000000e+00
3.900000000000000355e+00 0.000000000000000000e+00
3.950000000000000178e+00 0.000000000000000000e+00
4.000000000000000000e+00 0.000000000000000000e+00
4.049999999999999822e+00 0.000000000000000000e+00
4.100000000000000533e+00 0.000000000000000000e+00
4.150000000000000355e+00 0.000000000000000000e+00
4.200000000000000178e+00 0.000000000000000000e+00
4.250000000000000000e+00 0.000000000000000000e+00
4.299999999999999822e+00 0.000000000000000000e+00
4.350000000000000533e+00 0.000000000000000000e+00
4.400000000000000355e+00 0.000000000000000000e+00
4.450000000000000178e+00 0.000000000000000000e+00
4.500000000000000000e+00 0.000000000000000000e+00
4.549999999999999822e+00 0.000000000000000000e+00
4.600000000000000533e+00 0.000000000000000000e+00
4.650000000000000355e+00 0.000000000000000000e+00
4.700000000000000178e+00 0.000000000000000000e+00
4.750000000000000000e+00 0.000000000000000000e+00
4.800000000000000711e+00 0.000000000000000000e+00
4.850000000000000533e+00 0.000000000000000000e+00
4.900000000000000355e+00 0.000000000000000000e+00
4.950000000000000178e+00 0.000000000000000000e+00
5.000000000000000000e+00 0.000000000000000000e+00
5.050000000000000711e+00 0.000000000000000000e+00
5.100000000000000533e+00 0.000000000000000000e+00
5.150000000000000355e+00 0.000000000000000000e+00
5.200000000000000178e+00 0.000000000000000000e+00
5.250000000000000000e+00 0.000000000000000000e+00
5.300000000000000711e+00 0.000000000000000000e+00
5.350000000000000533e+00 0.000000000000000000e+00
5.400000000000000355e+00 0.000000000000000000e+00
5.450000000000000178e+00 0.000000000000000000e+00
5.500000000000000000e+00 0.000000000000000000e+00
5.550000000000000711e+00 0.000000000000000000e+00
5.600000000000000533e+00 0.000000000000000000e+00
5.650000000000000355e+00 0.000000000000000000e+00
5.700000000000000178e+00 0.000000000000000000e+00
5.750000000000000000e+00 0.000000000000000000e+00
5.800000000000000711e+00 0.000000000000000000e+00
5.850000000000000533e+00 0.000000000000000000e+00
5.900000000000000355e+00 0.000000000000000000e+00
5.950000000000000178e+00 0.000000000000000000e+00
