0.000000000000000000e+00 3.336416310506389623e-04
5.000000000000000278e-02 4.102915326872871491e-04
1.000000000000000056e-01 3.046412484439443716e-04
1.500000000000000222e-01 1.043636068008277091e-03
2.000000000000000111e-01 2.234942478830811985e-03
2.500000000000000000e-01 1.413120420089464648e-03
3.000000000000000444e-01 3.645360626950213800e-03
3.500000000000000333e-01 1.246081645978027591e-03
4.000000000000000222e-01 2.102014845540437719e-03
4.500000000000000111e-01 3.449486494973732446e-03
5.000000000000000000e-01 8.316360926469352696e-03
5.500000000000000444e-01 1.710493402350080072e-02
6.000000000000000888e-01 5.122932864557840776e-02
6.500000000000000222e-01 1.492177131891565534e-01
7.000000000000000666e-01 1.948228988758552160e-01
7.500000000000000000e-01 1.405090908339752809e-01
8.000000000000000444e-01 1.247653016643064244e-01
8.500000000000000888e-01 1.319614485366395196e-01
9.000000000000000222e-01 5.219208619585043174e-02
9.500000000000000666e-01 4.162261204872817755e-02
1.000000000000000000e+00 2.189807754957800306e-02
1.050000000000000044e+00 9.602326966377895678e-03
1.100000000000000089e+00 1.052644641166369972e-02
1.150000000000000133e+00 7.684503668783665246e-03
1.200000000000000178e+00 9.129473170335460075e-03
1.250000000000000000e+00 2.703345623523820476e-03
1.300000000000000044e+00 3.008282651332001064e-03
1.350000000000000089e+00 2.693247532310023926e-03
1.400000000000000133e+00 1.103610622043805665e-03
1.450000000000000178e+00 3.109298395363219083e-04
1.500000000000000000e+00 3.314359083973288079e-04
1.550000000000000044e+00 0.000000000000000000e+00
1.600000000000000089e+00 0.000000000000000000e+00
1.650000000000000133e+00 0.000000000000000000e+00
1.700000000000000178e+00 1.869230376367927429e-04
1.750000000000000000e+00 7.584692326403192318e-05
1.800000000000000044e+00 1.334951409602497068e-04
1.850000000000000089e+00 6.267241156443123214e-04
1.900000000000000133e+00 1.753125911559004133e-04
1.950000000000000178e+00 2.271274810639046767e-04
2.000000000000000000e+00 0.000000000000000000e+00
2.050000000000000266e+00 0.000000000000000000e+00
2.100000000000000089e+00 0.000000000000000000e+00
2.149999999999999911e+00 4.007640032781455911e-05
2.200000000000000178e+00 5.783326829530613779e-04
2.250000000000000000e+00 0.000000000000000000e+00
2.300000000000000266e+00 0.000000000000000000e+00
2.350000000000000089e+00 0.000000000000000000e+00
2.400000000000000355e+00 1.716289132861293439e-04
2.450000000000000178e+00 0.000000000000000000e+00
2.500000000000000000e+00 0.000000000000000000e+00
2.550000000000000266e+00 1.272415564387758852e-04
2.600000000000000089e+00 0.000000000000000000e+00
2.650000000000000355e+00 0.000000000000000000e+00
2.700000000000000178e+00 0.000000000000000000e+00
2.750000000000000000e+00 0.000000000000000000e+00
2.800000000000000266e+00 0.000000000000000000e+00
2.850000000000000089e+00 0.000000000000000000e+00
2.900000000000000355e+00 0.000000000000000000e+00
2.950000000000000178e+00 0.000000000000000000e+00
3.000000000000000000e+00 1.440136229030372205e-04
3.050000000000000266e+00 0.000000000000000000e+00
3.100000000000000089e+00 0.000000000000000000e+00
3.150000000000000355e+00 0.000000000000000000e+00
3.200000000000000178e+00 0.000000000000000000e+00
3.250000000000000000e+00 0.000000000000000000e+00
3.300000000000000266e+00 0.000000000000000000e+00
3.350000000000000089e+00 0.000000000000000000e+00
3.400000000000000355e+00 0.000000000000000000e+00
3.450000000000000178e+00 0.000000000000000000e+00
3.500000000000000000e+00 0.000000000000000000e+00
3.550000000000000266e+00 0.000000000000000000e+00
3.600000000000000089e+00 0.000000000000000000e+00
3.650000000000000355e+00 0.000000000000000000e+00
3.700000000000000178e+00 0.000000000000000000e+00
3.750000000000000000e+00 0.000000000000000000e+00
3.800000000000000266e+00 0.000000000000000000e+00
3.850000000000000089e+00 0.000000000000000000e+00
3.900000000000000355e+00 0.000000000000000000e+00
3.950000000000000178e+00 0.000000000000000000e+00
4.000000000000000000e+00 0.000000000000000000e+00
4.049999999999999822e+00 0.000000000000000000e+00
4.100000000000000533e+00 0.000000000000000000e+00
4.150000000000000355e+00 0.000000000000000000e+00
4.200000000000000178e+00 0.000000000000000000e+00
4.250000000000000000e+00 0.000000000000000000e+00
4.299999999999999822e+00 0.000000000000000000e+00
4.350000000000000533e+00 0.000000000000000000e+00
4.400000000000000355e+00 0.000000000000000000e+00
4.450000000000000178e+00 0.000000000000000000e+00
4.500000000000000000e+00 0.000000000000000000e+00
4.549999999999999822e+00 0.000000000000000000e+00
4.600000000000000533e+00 0.000000000000000000e+00
4.650000000000000355e+00 0.000000000000000000e+00
4.700000000000000178e+00 0.000000000000000000e+00
4.750000000000000000e+00 0.000000000000000000e+00
4.800000000000000711e+00 0.000000000000000000e+00
4.850000000000000533e+00 0.000000000000000000e+00
4.900000000000000355e+00 0.000000000000000000e+00
4.950000000000000178e+00 0.000000000000000000e+00
5.000000000000000000e+00 0.000000000000000000e+00
5.050000000000000711e+00 0.000000000000000000e+00
5.100000000000000533e+00 0.000000000000000000e+00
5.150000000000000355e+00 0.000000000000000000e+00
5.200000000000000178e+00 0.000000000000000000e+00
5.250000000000000000e+00 0.000000000000000000e+00
5.300000000000000711e+00 0.000000000000000000e+00
5.350000000000000533e+00 0.000000000000000000e+00
5.400000000000000355e+00 0.000000000000000000e+00
5.450000000000000178e+00 0.000000000000000000e+00
5.500000000000000000e+00 0.000000000000000000e+00
5.550000000000000711e+00 0.000000000000000000e+00
5.600000000000000533e+00 0.000000000000000000e+00
5.650000000000000355e+00 0.000000000000000000e+00
5.700000000000000178e+00 0.000000000000000000e+00
5.750000000000000000e+00 0.000000000000000000e+00
5.800000000000000711e+00 0.000000000000000000e+00
5.850000000000000533e+00 0.000000000000000000e+00
5.900000000000000355e+00 0.000000000000000000e+00
5.950000000000000178e+00 0.000000000000000000e+00
