0.000000000000000000e+00 0.000000000000000000e+00
5.000000000000000278e-02 1.841209561937806681e-04
1.000000000000000056e-01 7.556558149419905597e-04
1.500000000000000222e-01 3.075654366390033695e-04
2.000000000000000111e-01 6.295924310206793247e-04
2.500000000000000000e-01 1.286242286682118957e-03
3.000000000000000444e-01 1.956006381581876057e-03
3.500000000000000333e-01 1.552071794348269806e-03
4.000000000000000222e-01 1.784475940184176816e-03
4.500000000000000111e-01 1.667497590471714482e-03
5.000000000000000000e-01 3.946906340163783451e-03
5.500000000000000444e-01 6.020235798075293000e-03
6.000000000000000888e-01 1.634914045239716299e-02
6.500000000000000222e-01 2.966535248766325600e-02
7.000000000000000666e-01 5.832049164380728734e-02
7.500000000000000000e-01 5.962224081057043712e-02
8.000000000000000444e-01 8.381755342878406678e-02
8.500000000000000888e-01 1.248178306927216208e-01
9.000000000000000222e-01 8.909987220068747715e-02
9.500000000000000666e-01 1.035885065704389429e-01
1.000000000000000000e+00 1.053925990036924804e-01
1.050000000000000044e+00 5.522891237777442786e-02
1.100000000000000089e+00 5.707373389514582701e-02
1.150000000000000133e+00 4.461818937284252329e-02
1.200000000000000178e+00 5.277210222122895311e-02
1.250000000000000000e+00 3.127896976479516145e-02
1.300000000000000044e+00 2.115840826315587564e-02
1.350000000000000089e+00 2.030224500389562689e-02
1.400000000000000133e+00 8.613893549402888705e-03
1.450000000000000178e+00 3.195190491734259310e-03
1.500000000000000000e+00 1.507857456814208890e-03
1.550000000000000044e+00 2.499241166148864226e-04
1.600000000000000089e+00 8.600264645456849686e-04
1.650000000000000133e+00 7.155177037981490327e-04
1.700000000000000178e+00 3.180500321585385333e-04
1.750000000000000000e+00 5.891734000724465443e-04
1.800000000000000044e+00 8.324581774512744906e-04
1.850000000000000089e+00 7.657240079063459229e-06
1.900000000000000133e+00 1.514770234592277597e-03
1.950000000000000178e+00 3.049227728451511083e-04
2.000000000000000000e+00 1.374894230045708597e-03
2.050000000000000266e+00 9.533914653010381983e-04
2.100000000000000089e+00 1.905106276789340740e-04
2.149999999999999911e+00 1.697208683450445994e-04
2.200000000000000178e+00 1.485052760562102824e-04
2.250000000000000000e+00 4.587999649827684658e-04
2.300000000000000266e+00 5.492214892896525417e-04
2.350000000000000089e+00 1.013262902786588287e-04
2.400000000000000355e+00 5.458450651067811750e-04
2.450000000000000178e+00 7.461940455165211805e-05
2.500000000000000000e+00 2.329847296398236347e-05
2.550000000000000266e+00 2.897551617949383341e-04
2.600000000000000089e+00 1.800648032330084088e-05
2.650000000000000355e+00 8.774496096351312030e-04
2.700000000000000178e+00 2.707065138293833452e-04
2.750000000000000000e+00 7.505163677744426768e-06
2.800000000000000266e+00 4.364932684134124172e-06
2.850000000000000089e+00 0.000000000000000000e+00
2.900000000000000355e+00 0.000000000000000000e+00
2.950000000000000178e+00 0.000000000000000000e+00
3.000000000000000000e+00 0.000000000000000000e+00
3.050000000000000266e+00 0.000000000000000000e+00
3.100000000000000089e+00 0.000000000000000000e+00
3.150000000000000355e+00 0.000000000000000000e+00
3.200000000000000178e+00 0.000000000000000000e+00
3.250000000000000000e+00 2.867645279931839989e-05
3.300000000000000266e+00 0.000000000000000000e+00
3.350000000000000089e+00 0.000000000000000000e+00
3.400000000000000355e+00 0.000000000000000000e+00
3.450000000000000178e+00 0.000000000000000000e+00
3.500000000000000000e+00 0.000000000000000000e+00
3.550000000000000266e+00 0.000000000000000000e+00
3.600000000000000089e+00 0.000000000000000000e+00
3.650000000000000355e+00 0.000000000000000000e+00
3.700000000000000178e+00 0.000000000000000000e+00
3.750000000000000000e+00 0.000000000000000000e+00
3.800000000000000266e+00 0.000000000000000000e+00
3.850000000000000089e+00 0.000000000000000000e+00
3.900000000000000355e+00 0.000000000000000000e+00
3.950000000000000178e+00 0.000000000000000000e+00
4.000000000000000000e+00 0.000000000000000000e+00
4.049999999999999822e+00 0.000000000000000000e+00
4.100000000000000533e+00 0.000000000000000000e+00
4.150000000000000355e+00 0.000000000000000000e+00
4.200000000000000178e+00 0.000000000000000000e+00
4.250000000000000000e+00 0.000000000000000000e+00
4.299999999999999822e+00 0.000000000000000000e+00
4.350000000000000533e+00 0.000000000000000000e+00
4.400000000000000355e+00 0.000000000000000000e+00
4.450000000000000178e+00 0.000000000000000000e+00
4.500000000000000000e+00 1.370453267607266309e-04
4.549999999999999822e+00 0.000000000000000000e+00
4.600000000000000533e+00 0.000000000000000000e+00
4.650000000000000355e+00 0.000000000000000000e+00
4.700000000000000178e+00 0.000000000000000000e+00
4.750000000000000000e+00 0.000000000000000000e+00
4.800000000000000711e+00 0.000000000000000000e+00
4.850000000000000533e+00 0.000000000000000000e+00
4.900000000000000355e+00 0.000000000000000000e+00
4.950000000000000178e+00 0.000000000000000000e+00
5.000000000000000000e+00 0.000000000000000000e+00
5.050000000000000711e+00 0.000000000000000000e+00
5.100000000000000533e+00 0.000000000000000000e+00
5.150000000000000355e+00 0.000000000000000000e+00
5.200000000000000178e+00 0.000000000000000000e+00
5.250000000000000000e+00 0.000000000000000000e+00
5.300000000000000711e+00 0.000000000000000000e+00
5.350000000000000533e+00 0.000000000000000000e+00
5.400000000000000355e+00 0.000000000000000000e+00
5.450000000000000178e+00 0.000000000000000000e+00
5.500000000000000000e+00 0.000000000000000000e+00
5.550000000000000711e+00 0.000000000000000000e+00
5.600000000000000533e+00 0.000000000000000000e+00
5.650000000000000355e+00 0.000000000000000000e+00
5.700000000000000178e+00 0.000000000000000000e+00
5.750000000000000000e+00 0.000000000000000000e+00
5.800000000000000711e+00 0.000000000000000000e+00
5.850000000000000533e+00 0.000000000000000000e+00
5.900000000000000355e+00 0.000000000000000000e+00
5.950000000000000178e+00 0.000000000000000000e+00
